# stept       Etot       Epot       Temper
     0   -1.778700   -5.939811    2.800000
     1   -1.778700   -5.939811    2.800000
     2   -1.778700   -5.939551    2.799825
     3   -1.778700   -5.938768    2.799298
     4   -1.778701   -5.937459    2.798417
     5   -1.778702   -5.935616    2.797176
     6   -1.778703   -5.933230    2.795569
     7   -1.778704   -5.930287    2.793588
     8   -1.778706   -5.926772    2.791222
     9   -1.778708   -5.922668    2.788459
    10   -1.778710   -5.917953    2.785285
    11   -1.778712   -5.912602    2.781683
    12   -1.778715   -5.906589    2.777635
    13   -1.778717   -5.899884    2.773121
    14   -1.778721   -5.892452    2.768118
    15   -1.778724   -5.884257    2.762601
    16   -1.778728   -5.875258    2.756543
    17   -1.778732   -5.865411    2.749915
    18   -1.778736   -5.854671    2.742685
    19   -1.778741   -5.842984    2.734818
    20   -1.778746   -5.830298    2.726278
    21   -1.778751   -5.816554    2.717026
    22   -1.778757   -5.801690    2.707020
    23   -1.778763   -5.785642    2.696218
    24   -1.778335   -5.767910    2.684574
    25   -1.778341   -5.749293    2.672042
    26   -1.778493   -5.729427    2.658573
    27   -1.778499   -5.707946    2.644114
    28   -1.780096   -5.686512    2.628616
    29   -1.780535   -5.662304    2.612031
    30   -1.780543   -5.635962    2.594301
    31   -1.780695   -5.607979    2.575369
    32   -1.781136   -5.578421    2.555183
    33   -1.781144   -5.546496    2.533695
    34   -1.780575   -5.511988    2.510858
    35   -1.780870   -5.476276    2.486628
    36   -1.781454   -5.438725    2.460967
    37   -1.781893   -5.398861    2.433848
    38   -1.782042   -5.356511    2.405250
    39   -1.782768   -5.312525    2.375164
    40   -1.783060   -5.265903    2.343595
    41   -1.783927   -5.217684    2.310566
    42   -1.784790   -5.167346    2.276113
    43   -1.785219   -5.114543    2.240293
    44   -1.786079   -5.060258    2.203186
    45   -1.786792   -5.004065    2.164894
    46   -1.787791   -4.946585    2.125544
    47   -1.788499   -4.887461    2.085282
    48   -1.788485   -4.826518    2.044284
    49   -1.789046   -4.765348    2.002746
    50   -1.789026   -4.703119    1.960885
    51   -1.788718   -4.640477    1.918941
    52   -1.789851   -4.579532    1.877169
    53   -1.789683   -4.517935    1.835833
    54   -1.790381   -4.458252    1.795203
    55   -1.790935   -4.399874    1.755548
    56   -1.791202   -4.343050    1.717132
    57   -1.792046   -4.289018    1.680205
    58   -1.792027   -4.236688    1.645005
    59   -1.792299   -4.187532    1.611746
    60   -1.793294   -4.142262    1.580614
    61   -1.793283   -4.099385    1.551769
    62   -1.792842   -4.059666    1.525340
    63   -1.792981   -4.024254    1.501417
    64   -1.793268   -3.992803    1.480061
    65   -1.793413   -3.965066    1.461299
    66   -1.793129   -3.940741    1.445122
    67   -1.793568   -3.920932    1.431498
    68   -1.794441   -3.905256    1.420361
    69   -1.794307   -3.892133    1.411622
    70   -1.794751   -3.882988    1.405169
    71   -1.794763   -3.876614    1.400872
    72   -1.794777   -3.873231    1.398585
    73   -1.794503   -3.872317    1.398155
    74   -1.795239   -3.874926    1.399416
    75   -1.795542   -3.879366    1.402199
    76   -1.795268   -3.885235    1.406333
    77   -1.795858   -3.893725    1.411649
    78   -1.796016   -3.903292    1.417980
    79   -1.796172   -3.914129    1.425167
    80   -1.795895   -3.925577    1.433057
    81   -1.796483   -3.938719    1.441505
    82   -1.796348   -3.951769    1.450377
    83   -1.796501   -3.965552    1.459549
    84   -1.796075   -3.979033    1.468906
    85   -1.796225   -3.993213    1.478347
    86   -1.796375   -4.007381    1.487780
    87   -1.795946   -4.020837    1.497123
    88   -1.796093   -4.034629    1.506305
    89   -1.796097   -4.047944    1.515262
    90   -1.795810   -4.060552    1.523938
    91   -1.796101   -4.073250    1.532287
    92   -1.796534   -4.085547    1.540270
    93   -1.796389   -4.096674    1.547855
    94   -1.796533   -4.107454    1.555012
    95   -1.797111   -4.117999    1.561719
    96   -1.796678   -4.126835    1.567956
    97   -1.796100   -4.134803    1.573707
    98   -1.795811   -4.142319    1.578959
    99   -1.795233   -4.148791    1.583703
   100   -1.794944   -4.154789    1.587934
   101   -1.795231   -4.160589    1.591643
   102   -1.795231   -4.165317    1.594825
   103   -1.795231   -4.169261    1.597478
   104   -1.795373   -4.172562    1.599604
   105   -1.795804   -4.175368    1.601202
   106   -1.795513   -4.176676    1.602278
   107   -1.795222   -4.177215    1.602836
   108   -1.795509   -4.177575    1.602886
   109   -1.795219   -4.176620    1.602438
   110   -1.795072   -4.175093    1.601509
   111   -1.794637   -4.172592    1.600119
   112   -1.794634   -4.169867    1.598288
   113   -1.794630   -4.166528    1.596043
   114   -1.794770   -4.162765    1.593417
   115   -1.794910   -4.158489    1.590445
   116   -1.794906   -4.153612    1.587167
   117   -1.794902   -4.148347    1.583627
   118   -1.795618   -4.143488    1.579875
   119   -1.795470   -4.137526    1.575963
   120   -1.795176   -4.131258    1.571943
   121   -1.794882   -4.124908    1.567868
   122   -1.794878   -4.118847    1.563792
   123   -1.795306   -4.113297    1.559769
   124   -1.794725   -4.106890    1.555849
   125   -1.795010   -4.101568    1.552076
   126   -1.794863   -4.096092    1.548491
   127   -1.795149   -4.091377    1.545126
   128   -1.794860   -4.086458    1.542010
   129   -1.794858   -4.082228    1.539165
   130   -1.794713   -4.078273    1.536601
   131   -1.794569   -4.074748    1.534326
   132   -1.794136   -4.071362    1.532339
   133   -1.794281   -4.068971    1.530633
   134   -1.793994   -4.066549    1.529196
   135   -1.793708   -4.064504    1.528013
   136   -1.793998   -4.063386    1.527065
   137   -1.793855   -4.062152    1.526331
   138   -1.793713   -4.061207    1.525790
   139   -1.793571   -4.060517    1.525422
   140   -1.793861   -4.060486    1.525206
   141   -1.793862   -4.060370    1.525127
   142   -1.793574   -4.060147    1.525170
   143   -1.793720   -4.060516    1.525321
   144   -1.793576   -4.060742    1.525570
   145   -1.793576   -4.061246    1.525909
   146   -1.794009   -4.062311    1.526334
   147   -1.794441   -4.063503    1.526845
   148   -1.794586   -4.064534    1.527442
   149   -1.794586   -4.065553    1.528127
   150   -1.794730   -4.066855    1.528907
   151   -1.794728   -4.068161    1.529787
   152   -1.794727   -4.069632    1.530777
   153   -1.794439   -4.070993    1.531887
   154   -1.794149   -4.072547    1.533128
   155   -1.794868   -4.075321    1.534510
   156   -1.794578   -4.077314    1.536046
   157   -1.793999   -4.079263    1.537748
   158   -1.794142   -4.082195    1.539625
   159   -1.793565   -4.084683    1.541687
   160   -1.793564   -4.088035    1.543943
   161   -1.793564   -4.091684    1.546399
   162   -1.793420   -4.095492    1.549058
   163   -1.793419   -4.099752    1.551925
   164   -1.793564   -4.104463    1.554998
   165   -1.793852   -4.109620    1.558273
   166   -1.793853   -4.114779    1.561744
   167   -1.793997   -4.120360    1.565403
   168   -1.793710   -4.125772    1.569238
   169   -1.794000   -4.132000    1.573234
   170   -1.793857   -4.138007    1.577372
   171   -1.793138   -4.143620    1.581632
   172   -1.793141   -4.150102    1.585993
   173   -1.792854   -4.156409    1.590429
   174   -1.793290   -4.163513    1.594917
   175   -1.792717   -4.169646    1.599429
   176   -1.792863   -4.176497    1.603941
   177   -1.792577   -4.182876    1.608426
   178   -1.792435   -4.189322    1.612858
   179   -1.792581   -4.195943    1.617215
   180   -1.792438   -4.202129    1.621475
   181   -1.793161   -4.209007    1.625617
   182   -1.793306   -4.215106    1.629622
   183   -1.792875   -4.220399    1.633474
   184   -1.793309   -4.226305    1.637156
   185   -1.793310   -4.231504    1.640654
   186   -1.793455   -4.236557    1.643956
   187   -1.793746   -4.241444    1.647050
   188   -1.793891   -4.245855    1.649920
   189   -1.794468   -4.250348    1.652555
   190   -1.794470   -4.253894    1.654940
   191   -1.794181   -4.256756    1.657060
   192   -1.793894   -4.259203    1.658899
   193   -1.794329   -4.261929    1.660441
   194   -1.794331   -4.263750    1.661665
   195   -1.794189   -4.264924    1.662551
   196   -1.794047   -4.265569    1.663080
   197   -1.794194   -4.265939    1.663230
   198   -1.794340   -4.265711    1.662979
   199   -1.793765   -4.264136    1.662306
   200   -1.793623   -4.262340    1.661193
   201   -1.794057   -4.260443    1.659624
   202   -1.794203   -4.257558    1.657585
   203   -1.793914   -4.253530    1.655069
   204   -1.793627   -4.248787    1.652070
   205   -1.793337   -4.243324    1.648589
   206   -1.793480   -4.237588    1.644633
   207   -1.793622   -4.231163    1.640214
   208   -1.793476   -4.223788    1.635350
   209   -1.793617   -4.216077    1.630066
   210   -1.793326   -4.207360    1.624397
   211   -1.793032   -4.198132    1.618385
   212   -1.793027   -4.188753    1.612078
   213   -1.793021   -4.179014    1.605528
   214   -1.793160   -4.169149    1.598797
   215   -1.792578   -4.158387    1.591946
   216   -1.791995   -4.147546    1.585044
   217   -1.792278   -4.137594    1.578157
   218   -1.792272   -4.127479    1.571354
   219   -1.792555   -4.117877    1.564703
   220   -1.791972   -4.107731    1.558268
   221   -1.791246   -4.097857    1.552112
   222   -1.791098   -4.089058    1.546291
   223   -1.791239   -4.081116    1.540852
   224   -1.790946   -4.073371    1.535837
   225   -1.791087   -4.066740    1.531280
   226   -1.790654   -4.060255    1.527208
   227   -1.790509   -4.054804    1.523638
   228   -1.790365   -4.050113    1.520578
   229   -1.790221   -4.046186    1.518033
   230   -1.790222   -4.043159    1.515995
   231   -1.790079   -4.040728    1.514455
   232   -1.790370   -4.039443    1.513395
   233   -1.790805   -4.038985    1.512794
   234   -1.790663   -4.038596    1.512628
   235   -1.791387   -4.039675    1.512867
   236   -1.791535   -4.040733    1.513480
   237   -1.791538   -4.042155    1.514434
   238   -1.791830   -4.044322    1.515696
   239   -1.792121   -4.046893    1.517230
   240   -1.791692   -4.049097    1.519002
   241   -1.791695   -4.052034    1.520976
   242   -1.791409   -4.054931    1.523117
   243   -1.791701   -4.058603    1.525392
   244   -1.791559   -4.061991    1.527767
   245   -1.791562   -4.065628    1.530212
   246   -1.791276   -4.069034    1.532697
   247   -1.790845   -4.072313    1.535194
   248   -1.790703   -4.075858    1.537674
   249   -1.791571   -4.080354    1.540116
   250   -1.791573   -4.083892    1.542495
   251   -1.791431   -4.087161    1.544790
   252   -1.791001   -4.089992    1.546985
   253   -1.791435   -4.093512    1.549061
   254   -1.791725   -4.096688    1.551003
   255   -1.791726   -4.099359    1.552800
   256   -1.791871   -4.101938    1.554438
   257   -1.791440   -4.103689    1.555906
   258   -1.791296   -4.105463    1.557196
   259   -1.791729   -4.107535    1.558299
   260   -1.791731   -4.108889    1.559210
   261   -1.791587   -4.109804    1.559921
   262   -1.791588   -4.110559    1.560429
   263   -1.791589   -4.111004    1.560728
   264   -1.791879   -4.111420    1.560813
   265   -1.791736   -4.111073    1.560676
   266   -1.791304   -4.110101    1.560312
   267   -1.791450   -4.109362    1.559716
   268   -1.791595   -4.108267    1.558882
   269   -1.791885   -4.106950    1.557800
   270   -1.791598   -4.104677    1.556464
   271   -1.791022   -4.101727    1.554867
   272   -1.791312   -4.099244    1.553001
   273   -1.790592   -4.095349    1.550864
   274   -1.790160   -4.091338    1.548456
   275   -1.789871   -4.087066    1.545776
   276   -1.789583   -4.082397    1.542828
   277   -1.789439   -4.077488    1.539622
   278   -1.789582   -4.072504    1.536172
   279   -1.789581   -4.067044    1.532499
   280   -1.789578   -4.061289    1.528628
   281   -1.790154   -4.055868    1.524592
   282   -1.790150   -4.049677    1.520429
   283   -1.790290   -4.043500    1.516178
   284   -1.790429   -4.037259    1.511886
   285   -1.790424   -4.030887    1.507601
   286   -1.790131   -4.024313    1.503375
   287   -1.790127   -4.018188    1.499256
   288   -1.790268   -4.012439    1.495293
   289   -1.790409   -4.006988    1.491530
   290   -1.790407   -4.001750    1.488006
   291   -1.789829   -3.996335    1.484752
   292   -1.789972   -3.992069    1.481785
   293   -1.789828   -3.987954    1.479113
   294   -1.789829   -3.984422    1.476735
   295   -1.789832   -3.981313    1.474641
   296   -1.789546   -3.978304    1.472809
   297   -1.789259   -3.975643    1.471211
   298   -1.788829   -3.973136    1.469815
   299   -1.788831   -3.971306    1.468581
   300   -1.788545   -3.969376    1.467475
   301   -1.788260   -3.967580    1.466459
   302   -1.787973   -3.965865    1.465498
   303   -1.787686   -3.964192    1.464565
   304   -1.788119   -3.963247    1.463637
   305   -1.788554   -3.962281    1.462695
   306   -1.788843   -3.961127    1.461724
   307   -1.788843   -3.959623    1.460712
   308   -1.788410   -3.957613    1.459651
   309   -1.788265   -3.955813    1.458537
   310   -1.788553   -3.954361    1.457366
   311   -1.788553   -3.952530    1.456134
   312   -1.788697   -3.950745    1.454836
   313   -1.788697   -3.948714    1.453469
   314   -1.788841   -3.946720    1.452031
   315   -1.788120   -3.943751    1.450518
   316   -1.787543   -3.940816    1.448931
   317   -1.787686   -3.938488    1.447269
   318   -1.787974   -3.936195    1.445532
   319   -1.787973   -3.933508    1.443724
   320   -1.788116   -3.930871    1.441854
   321   -1.788548   -3.928448    1.439933
   322   -1.788402   -3.925390    1.437973
   323   -1.788255   -3.922301    1.435993
   324   -1.788685   -3.919790    1.434014
   325   -1.788971   -3.917174    1.432061
   326   -1.789113   -3.914489    1.430160
   327   -1.788243   -3.910915    1.428340
   328   -1.787517   -3.907653    1.426633
   329   -1.787803   -3.905612    1.425068
   330   -1.787511   -3.903246    1.423672
   331   -1.787509   -3.901459    1.422471
   332   -1.787651   -3.900141    1.421489
   333   -1.787504   -3.898891    1.420746
   334   -1.787359   -3.898018    1.420256
   335   -1.787646   -3.897972    1.420032
   336   -1.787645   -3.898042    1.420080
   337   -1.788800   -3.899676    1.420402
   338   -1.788944   -3.900709    1.421001
   339   -1.789378   -3.902434    1.421870
   340   -1.789522   -3.904263    1.423003
   341   -1.789955   -3.906763    1.424394
   342   -1.789523   -3.908770    1.426035
   343   -1.789524   -3.911571    1.427920
   344   -1.789524   -3.914722    1.430040
   345   -1.789524   -3.918219    1.432393
   346   -1.790101   -3.922635    1.434976
   347   -1.790534   -3.927246    1.437788
   348   -1.790822   -3.932054    1.440829
   349   -1.790821   -3.936912    1.444099
   350   -1.791541   -3.942838    1.447601
   351   -1.790964   -3.947813    1.451338
   352   -1.791397   -3.954149    1.455310
   353   -1.790964   -3.959969    1.459517
   354   -1.790676   -3.966282    1.463960
   355   -1.790965   -3.973517    1.468633
   356   -1.790677   -3.980508    1.473531
   357   -1.790678   -3.988108    1.478644
   358   -1.790679   -3.996006    1.483958
   359   -1.790392   -4.003890    1.489456
   360   -1.790972   -4.012880    1.495115
   361   -1.791553   -4.022073    1.500911
   362   -1.791411   -4.030701    1.506811
   363   -1.791415   -4.039577    1.512782
   364   -1.791131   -4.048218    1.518787
   365   -1.791712   -4.057718    1.524789
   366   -1.791862   -4.066722    1.530747
   367   -1.791578   -4.075164    1.536618
   368   -1.791293   -4.083414    1.542362
   369   -1.791297   -4.091701    1.547935
   370   -1.791445   -4.099818    1.553298
   371   -1.791449   -4.107422    1.558412
   372   -1.791018   -4.114173    1.563244
   373   -1.791164   -4.121035    1.567764
   374   -1.791454   -4.127536    1.571943
   375   -1.792178   -4.133935    1.575762
   376   -1.792034   -4.138903    1.579202
   377   -1.791891   -4.143287    1.582248
   378   -1.792035   -4.147364    1.584894
   379   -1.792179   -4.150841    1.587137
   380   -1.791890   -4.153286    1.588977
   381   -1.792033   -4.155577    1.590422
   382   -1.792176   -4.157295    1.591482
   383   -1.793040   -4.159184    1.592172
   384   -1.792317   -4.158963    1.592509
   385   -1.792025   -4.158682    1.592516
   386   -1.791879   -4.158088    1.592216
   387   -1.792309   -4.157657    1.591636
   388   -1.792306   -4.156421    1.590806
   389   -1.791725   -4.154280    1.589757
   390   -1.791866   -4.152581    1.588518
   391   -1.791719   -4.150363    1.587125
   392   -1.791139   -4.147537    1.585614
   393   -1.790703   -4.144736    1.584023
   394   -1.790411   -4.142015    1.582388
   395   -1.790695   -4.139858    1.580745
   396   -1.790547   -4.137312    1.579131
   397   -1.790256   -4.134722    1.577585
   398   -1.790252   -4.132575    1.576142
   399   -1.790393   -4.130781    1.574840
   400   -1.790101   -4.128815    1.573714
   401   -1.790099   -4.127448    1.572796
   402   -1.790384   -4.126722    1.572115
   403   -1.790959   -4.126677    1.571698
   404   -1.790669   -4.126192    1.571567
   405   -1.790234   -4.126013    1.571739
   406   -1.789657   -4.126161    1.572227
   407   -1.789802   -4.127510    1.573037
   408   -1.789658   -4.129050    1.574170
   409   -1.789947   -4.131492    1.575619
   410   -1.790237   -4.134383    1.577369
   411   -1.789520   -4.136688    1.579403
   412   -1.789523   -4.140097    1.581695
   413   -1.790104   -4.144419    1.584212
   414   -1.790108   -4.148446    1.586919
   415   -1.789535   -4.152114    1.589773
   416   -1.790261   -4.157235    1.592730
   417   -1.790555   -4.162008    1.595744
   418   -1.790559   -4.166504    1.598767
   419   -1.790563   -4.170940    1.601748
   420   -1.790567   -4.175241    1.604640
   421   -1.790572   -4.179340    1.607396
   422   -1.790576   -4.183167    1.609968
   423   -1.790580   -4.186655    1.612312
   424   -1.790727   -4.189891    1.614390
   425   -1.791019   -4.192823    1.616167
   426   -1.791311   -4.195260    1.617610
   427   -1.792033   -4.197592    1.618694
   428   -1.792469   -4.199069    1.619394
   429   -1.792470   -4.199511    1.619692
   430   -1.792183   -4.199047    1.619572
   431   -1.792040   -4.198098    1.619029
   432   -1.792185   -4.196799    1.618058
   433   -1.792184   -4.194722    1.616661
   434   -1.791896   -4.191734    1.614845
   435   -1.791462   -4.187994    1.612620
   436   -1.791458   -4.184102    1.610003
   437   -1.791457   -4.179660    1.607015
   438   -1.791599   -4.174845    1.603680
   439   -1.791740   -4.169556    1.600026
   440   -1.792026   -4.163987    1.596086
   441   -1.791734   -4.157471    1.591898
   442   -1.792018   -4.151221    1.587501
   443   -1.792159   -4.144579    1.582937
   444   -1.791866   -4.137324    1.578252
   445   -1.791719   -4.130099    1.573490
   446   -1.791859   -4.123111    1.568693
   447   -1.791567   -4.115706    1.563907
   448   -1.791564   -4.108665    1.559171
   449   -1.791127   -4.101328    1.554527
   450   -1.791270   -4.094760    1.550012
   451   -1.791556   -4.088569    1.545654
   452   -1.791843   -4.082645    1.541474
   453   -1.791409   -4.076294    1.537492
   454   -1.792130   -4.071410    1.533721
   455   -1.792273   -4.066268    1.530165
   456   -1.792274   -4.061300    1.526821
   457   -1.792131   -4.056492    1.523682
   458   -1.791844   -4.051828    1.520737
   459   -1.791557   -4.047427    1.517968
   460   -1.791270   -4.043262    1.515359
   461   -1.791560   -4.039881    1.512889
   462   -1.791418   -4.036245    1.510538
   463   -1.791565   -4.033047    1.508287
   464   -1.791422   -4.029680    1.506117
   465   -1.791279   -4.026406    1.504011
   466   -1.791280   -4.023349    1.501953
   467   -1.791424   -4.020491    1.499933
   468   -1.791279   -4.017388    1.497943
   469   -1.791424   -4.014617    1.495980
   470   -1.791858   -4.012175    1.494045
   471   -1.791712   -4.009197    1.492140
   472   -1.791566   -4.006269    1.490267
   473   -1.791566   -4.003543    1.488433
   474   -1.791708   -4.001026    1.486644
   475   -1.791706   -3.998445    1.484908
   476   -1.791416   -3.995668    1.483235
   477   -1.791560   -3.993426    1.481630
   478   -1.791703   -3.991294    1.480098
   479   -1.791703   -3.989134    1.478645
   480   -1.791991   -3.987382    1.477272
   481   -1.792280   -3.985750    1.475980
   482   -1.792424   -3.984090    1.474766
   483   -1.792857   -3.982829    1.473626
   484   -1.793147   -3.981528    1.472555
   485   -1.793149   -3.980026    1.471544
   486   -1.793150   -3.978597    1.470581
   487   -1.792864   -3.976938    1.469658
   488   -1.792721   -3.975463    1.468761
   489   -1.792722   -3.974154    1.467880
   490   -1.792579   -3.972708    1.467003
   491   -1.793302   -3.972116    1.466118
   492   -1.792725   -3.970201    1.465217
   493   -1.792583   -3.968683    1.464292
   494   -1.792584   -3.967266    1.463337
   495   -1.792152   -3.965366    1.462350
   496   -1.791430   -3.963127    1.461329
   497   -1.790853   -3.960989    1.460279
   498   -1.790996   -3.959534    1.459203
   499   -1.790995   -3.957911    1.458112
   500   -1.791281   -3.956570    1.457017
   501   -1.791136   -3.954814    1.455933
   502   -1.791423   -3.953528    1.454874
   503   -1.791278   -3.951876    1.453860
   504   -1.791276   -3.950461    1.452909
   505   -1.791707   -3.949602    1.452041
   506   -1.792283   -3.949041    1.451277
   507   -1.792569   -3.948372    1.450634
   508   -1.792713   -3.947766    1.450129
   509   -1.793146   -3.947680    1.449780
   510   -1.793001   -3.947265    1.449598
   511   -1.793290   -3.947543    1.449591
   512   -1.794156   -3.948666    1.449764
   513   -1.794011   -3.949049    1.450118
   514   -1.793869   -3.949697    1.450651
   515   -1.793149   -3.950022    1.451354
   516   -1.792862   -3.951013    1.452214
   517   -1.793297   -3.952936    1.453215
   518   -1.793587   -3.954895    1.454339
   519   -1.793734   -3.956861    1.455562
   520   -1.793592   -3.958648    1.456860
   521   -1.794171   -3.961227    1.458206
   522   -1.793741   -3.962825    1.459571
   523   -1.794177   -3.965275    1.460926
   524   -1.793891   -3.966947    1.462244
   525   -1.793749   -3.968668    1.463497
   526   -1.793752   -3.970398    1.464659
   527   -1.793754   -3.971960    1.465709
   528   -1.793612   -3.973177    1.466623
   529   -1.793469   -3.974172    1.467389
   530   -1.793326   -3.974928    1.467994
   531   -1.793038   -3.975285    1.468428
   532   -1.792894   -3.975526    1.468687
   533   -1.792749   -3.975507    1.468772
   534   -1.792604   -3.975236    1.468687
   535   -1.793181   -3.975450    1.468443
   536   -1.793324   -3.975013    1.468052
   537   -1.793034   -3.973947    1.467530
   538   -1.792600   -3.972572    1.466897
   539   -1.792886   -3.971786    1.466176
   540   -1.793317   -3.971047    1.465388
   541   -1.793026   -3.969524    1.464559
   542   -1.792880   -3.968117    1.463711
   543   -1.792878   -3.966861    1.462867
   544   -1.792732   -3.965497    1.462048
   545   -1.793019   -3.964631    1.461272
   546   -1.793018   -3.963564    1.460554
   547   -1.793017   -3.962602    1.459908
   548   -1.793018   -3.961761    1.459341
   549   -1.793018   -3.961044    1.458858
   550   -1.793020   -3.960456    1.458461
   551   -1.793022   -3.959990    1.458147
   552   -1.793167   -3.959783    1.457910
   553   -1.793024   -3.959393    1.457744
   554   -1.793313   -3.959529    1.457641
   555   -1.793891   -3.960039    1.457595
   556   -1.793891   -3.960048    1.457601
   557   -1.793747   -3.959985    1.457656
   558   -1.793168   -3.959566    1.457763
   559   -1.792879   -3.959523    1.457929
   560   -1.793023   -3.960012    1.458161
   561   -1.793020   -3.960476    1.458475
   562   -1.793017   -3.961089    1.458889
   563   -1.792583   -3.961456    1.459428
   564   -1.792581   -3.962479    1.460119
   565   -1.792290   -3.963480    1.460988
   566   -1.791998   -3.964786    1.462062
   567   -1.791996   -3.966724    1.463368
   568   -1.791992   -3.969041    1.464930
   569   -1.792135   -3.971915    1.466768
   570   -1.791701   -3.974643    1.468896
   571   -1.792278   -3.978829    1.471324
   572   -1.792711   -3.983317    1.474053
   573   -1.792569   -3.987666    1.477075
   574   -1.792714   -3.992721    1.480378
   575   -1.792716   -3.998021    1.483944
   576   -1.792863   -4.003820    1.487747
   577   -1.792721   -4.009639    1.491757
   578   -1.792869   -4.016004    1.495941
   579   -1.793161   -4.022715    1.500260
   580   -1.793020   -4.029134    1.504675
   581   -1.792879   -4.035632    1.509142
   582   -1.792883   -4.042291    1.513620
   583   -1.792599   -4.048620    1.518070
   584   -1.792603   -4.055136    1.522452
   585   -1.792750   -4.061631    1.526724
   586   -1.792465   -4.067474    1.530847
   587   -1.792612   -4.073474    1.534786
   588   -1.792759   -4.079148    1.538504
   589   -1.792906   -4.084447    1.541972
   590   -1.793195   -4.089476    1.545161
   591   -1.793485   -4.094058    1.548049
   592   -1.793486   -4.097874    1.550616
   593   -1.793487   -4.101189    1.552846
   594   -1.793199   -4.103699    1.554730
   595   -1.793197   -4.105977    1.556263
   596   -1.793196   -4.107738    1.557449
   597   -1.793051   -4.108850    1.558295
   598   -1.792616   -4.109189    1.558815
   599   -1.792469   -4.109363    1.559032
   600   -1.792610   -4.109409    1.558968
   601   -1.792318   -4.108650    1.558653
   602   -1.792314   -4.107860    1.558124
   603   -1.792166   -4.106666    1.557421
   604   -1.793171   -4.106429    1.556584
   605   -1.792878   -4.104762    1.555660
   606   -1.792730   -4.103170    1.554688
   607   -1.793014   -4.102001    1.553711
   608   -1.793299   -4.100885    1.552768
   609   -1.793584   -4.099870    1.551893
   610   -1.793294   -4.098423    1.551115
   611   -1.793292   -4.097444    1.550457
   612   -1.793291   -4.096668    1.549936
   613   -1.793003   -4.095821    1.549560
   614   -1.792715   -4.095190    1.549329
   615   -1.792428   -4.094765    1.549236
   616   -1.792430   -4.094815    1.549268
   617   -1.792288   -4.094878    1.549406
   618   -1.792579   -4.095497    1.549627
   619   -1.792583   -4.095910    1.549902
   620   -1.792297   -4.096074    1.550205
   621   -1.792444   -4.096667    1.550505
   622   -1.792303   -4.096923    1.550773
   623   -1.792305   -4.097231    1.550978
   624   -1.792595   -4.097695    1.551095
   625   -1.792453   -4.097559    1.551100
   626   -1.792455   -4.097370    1.550971
   627   -1.792601   -4.097098    1.550690
   628   -1.792603   -4.096430    1.550239
   629   -1.793037   -4.095921    1.549604
   630   -1.792604   -4.094254    1.548774
   631   -1.792462   -4.092570    1.547736
   632   -1.791885   -4.090131    1.546483
   633   -1.791741   -4.087790    1.545005
   634   -1.791742   -4.085244    1.543291
   635   -1.792032   -4.082626    1.541334
   636   -1.791169   -4.078481    1.539126
   637   -1.791172   -4.074818    1.536659
   638   -1.791029   -4.070614    1.533927
   639   -1.791030   -4.066150    1.530922
   640   -1.790887   -4.061128    1.527639
   641   -1.791176   -4.056118    1.524073
   642   -1.791176   -4.050399    1.520225
   643   -1.790888   -4.043977    1.516097
   644   -1.791177   -4.037727    1.511697
   645   -1.791609   -4.031233    1.507037
   646   -1.791608   -4.023940    1.502130
   647   -1.791318   -4.016027    1.497001
   648   -1.791172   -4.007969    1.491677
   649   -1.791169   -3.999817    1.486193
   650   -1.791165   -3.991486    1.480589
   651   -1.791448   -3.983336    1.474915
   652   -1.790866   -3.974298    1.469225
   653   -1.790717   -3.965756    1.463578
   654   -1.790855   -3.957661    1.458037
   655   -1.790849   -3.949686    1.452675
   656   -1.790843   -3.942081    1.447562
   657   -1.791269   -3.935390    1.442773
   658   -1.791118   -3.928713    1.438381
   659   -1.791688   -3.923459    1.434463
   660   -1.791971   -3.918729    1.431089
   661   -1.791821   -3.914471    1.428325
   662   -1.791961   -3.911498    1.426231
   663   -1.791669   -3.909167    1.424858
   664   -1.791379   -3.907972    1.424250
   665   -1.791232   -3.908104    1.424437
   666   -1.791375   -3.909736    1.425439
   667   -1.791376   -3.912444    1.427261
   668   -1.791810   -3.916796    1.429897
   669   -1.791958   -3.922045    1.433330
   670   -1.792106   -3.928429    1.437526
   671   -1.792110   -3.935739    1.442442
   672   -1.792260   -3.944184    1.448023
   673   -1.792556   -3.953665    1.454204
   674   -1.792564   -3.963638    1.460910
   675   -1.792428   -3.974125    1.468058
   676   -1.792580   -3.985430    1.475562
   677   -1.792444   -3.996844    1.483335
   678   -1.792884   -4.009099    1.491285
   679   -1.792747   -4.020907    1.499322
   680   -1.792466   -4.032568    1.507358
   681   -1.792331   -4.044245    1.515307
   682   -1.791904   -4.055382    1.523088
   683   -1.792200   -4.066880    1.530626
   684   -1.792205   -4.077621    1.537850
   685   -1.791921   -4.087512    1.544697
   686   -1.792068   -4.097191    1.551111
   687   -1.791926   -4.105868    1.557045
   688   -1.791640   -4.113629    1.562460
   689   -1.791929   -4.121155    1.567329
   690   -1.791786   -4.127406    1.571633
   691   -1.791785   -4.132942    1.575358
   692   -1.791928   -4.137759    1.578503
   693   -1.792359   -4.142012    1.581075
   694   -1.792212   -4.144857    1.583088
   695   -1.792353   -4.147197    1.584568
   696   -1.792783   -4.149082    1.585547
   697   -1.792777   -4.149846    1.586065
   698   -1.792628   -4.149844    1.586164
   699   -1.792623   -4.149432    1.585890
   700   -1.792762   -4.148688    1.585296
   701   -1.792612   -4.147255    1.584432
   702   -1.792319   -4.145358    1.583353
   703   -1.792169   -4.143361    1.582110
   704   -1.791732   -4.140902    1.580750
   705   -1.792019   -4.139064    1.579319
   706   -1.792305   -4.137175    1.577856
   707   -1.792014   -4.134707    1.576391
   708   -1.792590   -4.133140    1.574950
   709   -1.791868   -4.130335    1.573548
   710   -1.791723   -4.128183    1.572197
   711   -1.792156   -4.126690    1.570901
   712   -1.791869   -4.124556    1.569659
   713   -1.791725   -4.122634    1.568462
   714   -1.791437   -4.120622    1.567302
   715   -1.791005   -4.118500    1.566165
   716   -1.791295   -4.117114    1.565037
   717   -1.791586   -4.115717    1.563902
   718   -1.791876   -4.114291    1.562746
   719   -1.791733   -4.112381    1.561557
   720   -1.791589   -4.110405    1.560325
   721   -1.791733   -4.108643    1.559042
   722   -1.791876   -4.106796    1.557703
   723   -1.791877   -4.104722    1.556307
   724   -1.791877   -4.102567    1.554857
   725   -1.792309   -4.100767    1.553355
   726   -1.792452   -4.098610    1.551807
   727   -1.792884   -4.096688    1.550223
   728   -1.793172   -4.094581    1.548612
   729   -1.792306   -4.091298    1.546985
   730   -1.792738   -4.089301    1.545351
   731   -1.792882   -4.087013    1.543714
   732   -1.792593   -4.084297    1.542081
   733   -1.792160   -4.081448    1.540455
   734   -1.792016   -4.078903    1.538840
   735   -1.792449   -4.076945    1.537231
   736   -1.792306   -4.074413    1.535624
   737   -1.792163   -4.071873    1.534010
   738   -1.792021   -4.069307    1.532379
   739   -1.791735   -4.066551    1.530717
   740   -1.791736   -4.064015    1.529010
   741   -1.791883   -4.061528    1.527238
   742   -1.791741   -4.058631    1.525383
   743   -1.792032   -4.056013    1.523427
   744   -1.792179   -4.053073    1.521349
   745   -1.792037   -4.049638    1.519133
   746   -1.791895   -4.045974    1.516764
   747   -1.792330   -4.042636    1.514225
   748   -1.792476   -4.038742    1.511506
   749   -1.792764   -4.034710    1.508599
   750   -1.792909   -4.030251    1.505501
   751   -1.792909   -4.025359    1.502209
   752   -1.792620   -4.019895    1.498727
   753   -1.792620   -4.014449    1.495063
   754   -1.792618   -4.008748    1.491228
   755   -1.792617   -4.002816    1.487236
   756   -1.792616   -3.996680    1.483109
   757   -1.792903   -3.990665    1.478868
   758   -1.792900   -3.984230    1.474540
   759   -1.793042   -3.977853    1.470153
   760   -1.792461   -3.970714    1.465740
   761   -1.792314   -3.964023    1.461337
   762   -1.792167   -3.957398    1.456978
   763   -1.791876   -3.950748    1.452699
   764   -1.791728   -3.944414    1.448536
   765   -1.791870   -3.938598    1.444527
   766   -1.791867   -3.932923    1.440711
   767   -1.791287   -3.927015    1.437126
   768   -1.791716   -3.922519    1.433811
   769   -1.791713   -3.918049    1.430806
   770   -1.791709   -3.914098    1.428149
   771   -1.791706   -3.910720    1.425878
   772   -1.791557   -3.907829    1.424033
   773   -1.791553   -3.905774    1.422653
   774   -1.791839   -3.904751    1.421773
   775   -1.791547   -3.903944    1.421426
   776   -1.791111   -3.903834    1.421645
   777   -1.791541   -3.905468    1.422456
   778   -1.791539   -3.907586    1.423882
   779   -1.791826   -3.910930    1.425939
   780   -1.791970   -3.915084    1.428638
   781   -1.792114   -3.920197    1.431981
   782   -1.791970   -3.925972    1.435964
   783   -1.792116   -3.932967    1.440572
   784   -1.792118   -3.940714    1.445784
   785   -1.792410   -3.949604    1.451570
   786   -1.792991   -3.959580    1.457892
   787   -1.793284   -3.969996    1.464703
   788   -1.793433   -3.980917    1.471952
   789   -1.793294   -3.992116    1.479581
   790   -1.793301   -4.003929    1.487526
   791   -1.793162   -4.015970    1.495721
   792   -1.793024   -4.028281    1.504098
   793   -1.793029   -4.040903    1.512588
   794   -1.793323   -4.053876    1.521120
   795   -1.793185   -4.066376    1.529624
   796   -1.793335   -4.079021    1.538032
   797   -1.793918   -4.091861    1.546280
   798   -1.794356   -4.104226    1.554305
   799   -1.793783   -4.115165    1.562052
   800   -1.793643   -4.126042    1.569465
   801   -1.793503   -4.136354    1.576498
   802   -1.793361   -4.146037    1.583109
   803   -1.792930   -4.154746    1.589259
   804   -1.793077   -4.163299    1.594916
   805   -1.792789   -4.170648    1.600055
   806   -1.793367   -4.178065    1.604656
   807   -1.793512   -4.184232    1.608709
   808   -1.793223   -4.189138    1.612204
   809   -1.793366   -4.193642    1.615139
   810   -1.793509   -4.197318    1.617516
   811   -1.793507   -4.200029    1.619342
   812   -1.793217   -4.201649    1.620627
   813   -1.793071   -4.202634    1.621388
   814   -1.792781   -4.202717    1.621639
   815   -1.793356   -4.202936    1.621399
   816   -1.793499   -4.202022    1.620689
   817   -1.793352   -4.200151    1.619528
   818   -1.793205   -4.197641    1.617938
   819   -1.793204   -4.194664    1.615936
   820   -1.793347   -4.191245    1.613539
   821   -1.793203   -4.186975    1.610763
   822   -1.793347   -4.182447    1.607619
   823   -1.793202   -4.177097    1.604116
   824   -1.792769   -4.170932    1.600259
   825   -1.792769   -4.164681    1.596053
   826   -1.792914   -4.158059    1.591499
   827   -1.792625   -4.150488    1.586600
   828   -1.792481   -4.142546    1.581352
   829   -1.793203   -4.134952    1.575756
   830   -1.793202   -4.126121    1.569814
   831   -1.793346   -4.116925    1.563530
   832   -1.793201   -4.106945    1.556912
   833   -1.793199   -4.096634    1.549975
   834   -1.793198   -4.085877    1.542738
   835   -1.793195   -4.074713    1.535227
   836   -1.793191   -4.063192    1.527477
   837   -1.793331   -4.051525    1.519532
   838   -1.792894   -4.039068    1.511444
   839   -1.792311   -4.026341    1.503273
   840   -1.792016   -4.013876    1.495083
   841   -1.791576   -4.001350    1.486951
   842   -1.790847   -3.988738    1.478955
   843   -1.791272   -3.977607    1.471179
   844   -1.791697   -3.966931    1.463708
   845   -1.791978   -3.956691    1.456629
   846   -1.791826   -3.946725    1.450026
   847   -1.791819   -3.937728    1.443976
   848   -1.791813   -3.929664    1.438554
   849   -1.792096   -3.922920    1.433826
   850   -1.792235   -3.917149    1.429848
   851   -1.792087   -3.912271    1.426666
   852   -1.792374   -3.909059    1.424311
   853   -1.792662   -3.907109    1.422806
   854   -1.792807   -3.906288    1.422156
   855   -1.792374   -3.906158    1.422359
   856   -1.792232   -3.907564    1.423401
   857   -1.792381   -3.910468    1.425255
   858   -1.792673   -3.914669    1.427885
   859   -1.792678   -3.919668    1.431246
   860   -1.792394   -3.925390    1.435287
   861   -1.791822   -3.931748    1.439950
   862   -1.791828   -3.939521    1.445176
   863   -1.791836   -3.948036    1.450901
   864   -1.791697   -3.957050    1.457060
   865   -1.791848   -3.966895    1.463583
   866   -1.791998   -3.977183    1.470405
   867   -1.792003   -3.987672    1.477459
   868   -1.792585   -3.998989    1.484683
   869   -1.793023   -4.010319    1.492012
   870   -1.792596   -4.020852    1.499387
   871   -1.792889   -4.032092    1.506753
   872   -1.792893   -4.042949    1.514056
   873   -1.792609   -4.053346    1.521244
   874   -1.792756   -4.063936    1.528271
   875   -1.792614   -4.073936    1.535095
   876   -1.792761   -4.083867    1.541679
   877   -1.792619   -4.093099    1.547986
   878   -1.792333   -4.101729    1.553986
   879   -1.792766   -4.110585    1.559654
   880   -1.792912   -4.118623    1.564965
   881   -1.793345   -4.126386    1.569897
   882   -1.793058   -4.132840    1.574432
   883   -1.793059   -4.138969    1.578557
   884   -1.793348   -4.144758    1.582257
   885   -1.793636   -4.149901    1.585524
   886   -1.794213   -4.154678    1.588350
   887   -1.793492   -4.157499    1.590734
   888   -1.793202   -4.160089    1.592671
   889   -1.792769   -4.161872    1.594163
   890   -1.792912   -4.163576    1.595213
   891   -1.793199   -4.164777    1.595828
   892   -1.792621   -4.164478    1.596016
   893   -1.792186   -4.163706    1.595789
   894   -1.792185   -4.162769    1.595160
   895   -1.792038   -4.161116    1.594146
   896   -1.791747   -4.158778    1.592769
   897   -1.791745   -4.156224    1.591051
   898   -1.791743   -4.153199    1.589018
   899   -1.791018   -4.149022    1.586694
   900   -1.791304   -4.145469    1.584111
   901   -1.792167   -4.142151    1.581298
   902   -1.792452   -4.137959    1.578285
   903   -1.792593   -4.133371    1.575103
   904   -1.792591   -4.128433    1.571782
   905   -1.792877   -4.123624    1.568353
   906   -1.793019   -4.118555    1.564847
   907   -1.792584   -4.112836    1.561291
   908   -1.792727   -4.107664    1.557715
   909   -1.792580   -4.102210    1.554144
   910   -1.792433   -4.096799    1.550602
   911   -1.792142   -4.091324    1.547113
   912   -1.791419   -4.085523    1.543696
   913   -1.791274   -4.080434    1.540369
   914   -1.791417   -4.075790    1.537148
   915   -1.791128   -4.070891    1.534047
   916   -1.790982   -4.066333    1.531077
   917   -1.791558   -4.062708    1.528250
   918   -1.791125   -4.058300    1.525575
   919   -1.791125   -4.054559    1.523058
   920   -1.791702   -4.051639    1.520705
   921   -1.791702   -4.048390    1.518519
   922   -1.791847   -4.045535    1.516500
   923   -1.792135   -4.043075    1.514651
   924   -1.792135   -4.040574    1.512968
   925   -1.791992   -4.038175    1.511450
   926   -1.792281   -4.036445    1.510091
   927   -1.791994   -4.034364    1.508884
   928   -1.791851   -4.032639    1.507820
   929   -1.791851   -4.031256    1.506889
   930   -1.791708   -4.029910    1.506080
   931   -1.791855   -4.029016    1.505380
   932   -1.791134   -4.027399    1.504776
   933   -1.790991   -4.026481    1.504255
   934   -1.790993   -4.025807    1.503800
   935   -1.791860   -4.026077    1.503399
   936   -1.792005   -4.025681    1.503034
   937   -1.792295   -4.025462    1.502692
   938   -1.792873   -4.025546    1.502359
   939   -1.793019   -4.025193    1.502024
   940   -1.792876   -4.024532    1.501675
   941   -1.793164   -4.024272    1.501306
   942   -1.793165   -4.023678    1.500906
   943   -1.793310   -4.023174    1.500469
   944   -1.793743   -4.022901    1.499994
   945   -1.793598   -4.021993    1.499480
   946   -1.793888   -4.021461    1.498928
   947   -1.793599   -4.020296    1.498338
   948   -1.793598   -4.019371    1.497716
   949   -1.793165   -4.017972    1.497066
   950   -1.792875   -4.016683    1.496394
   951   -1.793307   -4.016097    1.495709
   952   -1.793304   -4.015070    1.495020
   953   -1.793881   -4.014629    1.494336
   954   -1.793447   -4.013199    1.493665
   955   -1.793879   -4.012666    1.493016
   956   -1.793878   -4.011745    1.492397
   957   -1.794166   -4.011172    1.491817
   958   -1.794166   -4.010380    1.491284
   959   -1.794310   -4.009803    1.490799
   960   -1.794165   -4.009012    1.490364
   961   -1.794021   -4.008297    1.489980
   962   -1.793733   -4.007509    1.489644
   963   -1.793734   -4.007074    1.489350
   964   -1.794312   -4.007271    1.489093
   965   -1.794458   -4.007075    1.488863
   966   -1.794026   -4.006324    1.488649
   967   -1.794172   -4.006152    1.488435
   968   -1.793885   -4.005524    1.488206
   969   -1.793742   -4.004993    1.487945
   970   -1.793888   -4.004681    1.487637
   971   -1.794466   -4.004709    1.487266
   972   -1.794468   -4.004043    1.486817
   973   -1.794037   -4.002809    1.486276
   974   -1.793894   -4.001711    1.485634
   975   -1.794039   -4.000738    1.484882
   976   -1.794039   -3.999447    1.484013
   977   -1.794759   -3.998705    1.483029
   978   -1.794469   -3.996788    1.481934
   979   -1.794468   -3.995006    1.480736
   980   -1.794322   -3.992945    1.479448
   981   -1.793888   -3.990493    1.478090
   982   -1.793741   -3.988260    1.476686
   983   -1.793738   -3.986142    1.475263
   984   -1.794167   -3.984474    1.473851
   985   -1.794019   -3.982296    1.472486
   986   -1.794303   -3.980675    1.471203
   987   -1.794299   -3.978943    1.470041
   988   -1.794151   -3.977300    1.469034
   989   -1.794148   -3.976085    1.468219
   990   -1.795011   -3.976069    1.467628
   991   -1.795729   -3.976286    1.467290
   992   -1.795728   -3.976193    1.467229
   993   -1.795727   -3.976534    1.467459
   994   -1.796159   -3.977757    1.467992
   995   -1.796448   -3.979294    1.468831
   996   -1.796449   -3.980989    1.469971
   997   -1.796595   -3.983257    1.471398
   998   -1.796165   -3.985348    1.473095
   999   -1.795735   -3.987806    1.475038
  1000   -1.795162   -3.990442    1.477198
