# x
0.000000000000000000e+00
0.000000000000000000e+00
0.000000000000000000e+00
0.000000000000000000e+00
0.000000000000000000e+00
5.263158082962036133e-01
1.052631616592407227e+00
1.578947424888610840e+00
2.105263233184814453e+00
2.631578922271728516e+00
3.157894849777221680e+00
3.684210538864135742e+00
4.210526466369628906e+00
4.736842155456542969e+00
5.263157844543457031e+00
5.789473533630371094e+00
6.315789699554443359e+00
6.842105388641357422e+00
7.368421077728271484e+00
7.894736766815185547e+00
8.421052932739257812e+00
8.947368621826171875e+00
9.473684310913085938e+00
1.000000000000000000e+01
0.000000000000000000e+00
5.263158082962036133e-01
1.052631616592407227e+00
1.578947424888610840e+00
2.105263233184814453e+00
2.631578922271728516e+00
3.157894849777221680e+00
3.684210538864135742e+00
4.210526466369628906e+00
4.736842155456542969e+00
5.263157844543457031e+00
5.789473533630371094e+00
6.315789699554443359e+00
6.842105388641357422e+00
7.368421077728271484e+00
7.894736766815185547e+00
8.421052932739257812e+00
8.947368621826171875e+00
9.473684310913085938e+00
1.000000000000000000e+01
0.000000000000000000e+00
1.000000000000000000e+01
2.221646785736083984e+00
4.504215717315673828e-01
1.588828563690185547e+00
1.178187012672424316e+00
9.271310806274414062e+00
1.512702941894531250e+00
4.272922992706298828e+00
6.148645877838134766e+00
1.354018449783325195e-01
1.415505886077880859e+00
1.197325468063354492e+00
9.101548194885253906e-01
3.087840557098388672e+00
2.284411907196044922e+00
4.080671310424804688e+00
7.912648200988769531e+00
2.769208252429962158e-01
4.452265739440917969e+00
2.093318462371826172e+00
4.700085639953613281e+00
5.960943698883056641e+00
6.872090816497802734e+00
8.325397491455078125e+00
4.629898548126220703e+00
7.985904693603515625e+00
4.722146034240722656e+00
4.201493740081787109e+00
8.024901390075683594e+00
6.162159919738769531e+00
2.015204429626464844e+00
6.387814521789550781e+00
9.790786743164062500e+00
1.184232473373413086e+00
1.283910274505615234e+00
7.484660148620605469e+00
7.636094093322753906e+00
3.268731117248535156e+00
5.210573196411132812e+00
4.464238166809082031e+00
3.617758989334106445e+00
1.231056600809097290e-01
3.430613517761230469e+00
5.390241146087646484e-01
2.612649440765380859e+00
5.458702087402343750e+00
5.017093658447265625e+00
4.968933582305908203e+00
7.885449409484863281e+00
9.625006675720214844e+00
5.349457263946533203e+00
8.281423568725585938e+00
3.667843580245971680e+00
3.611363410949707031e+00
2.856077671051025391e+00
7.764983177185058594e+00
5.850124835968017578e+00
3.288849830627441406e+00
4.564650535583496094e+00
1.736332058906555176e+00
9.262361526489257812e+00
2.583112478256225586e+00
2.921720504760742188e+00
6.470096111297607422e+00
5.713266849517822266e+00
1.701352477073669434e+00
2.469753742218017578e+00
8.175974845886230469e+00
6.074262142181396484e+00
8.547045707702636719e+00
5.928690433502197266e+00
4.274794578552246094e+00
5.137169361114501953e+00
1.336896538734436035e+00
1.990939497947692871e+00
7.869085311889648438e+00
8.970563888549804688e+00
1.429073214530944824e+00
2.271511793136596680e+00
4.364739418029785156e+00
4.294440746307373047e+00
2.777743339538574219e+00
4.076204776763916016e+00
7.408281326293945312e+00
3.378397464752197266e+00
5.307256698608398438e+00
9.132587432861328125e+00
1.420367956161499023e+00
2.766379356384277344e+00
9.112117767333984375e+00
1.820462346076965332e+00
3.648284673690795898e+00
2.733133792877197266e+00
8.080685734748840332e-01
2.050509452819824219e+00
8.715309143066406250e+00
8.713069915771484375e+00
6.202834129333496094e+00
8.850607872009277344e+00
5.379524230957031250e-01
3.887443780899047852e+00
2.316164493560791016e+00
8.029944419860839844e+00
9.997673034667968750e+00
8.733500480651855469e+00
8.210679054260253906e+00
1.175994396209716797e+00
4.694204807281494141e+00
2.153644800186157227e+00
2.199209928512573242e+00
1.205246925354003906e+00
9.039565086364746094e+00
1.328130364418029785e+00
2.020707130432128906e+00
4.213696002960205078e+00
8.289729118347167969e+00
7.239960670471191406e+00
2.245571136474609375e+00
8.974714279174804688e+00
3.519839048385620117e+00
8.859927177429199219e+00
4.055160999298095703e+00
2.295646190643310547e+00
1.780623435974121094e+00
6.569548130035400391e+00
2.456040143966674805e+00
4.928576469421386719e+00
5.953576087951660156e+00
6.923835277557373047e+00
6.803967952728271484e+00
3.118578195571899414e+00
2.951596021652221680e+00
1.551610946655273438e+00
5.271556377410888672e-01
3.788818836212158203e+00
4.674163818359375000e+00
4.501106739044189453e+00
3.236163616180419922e+00
1.676618494093418121e-02
4.823140144348144531e+00
6.109375476837158203e+00
9.457077026367187500e+00
3.995818138122558594e+00
8.615262985229492188e+00
2.982614994049072266e+00
7.779766082763671875e+00
8.074944615364074707e-01
9.355016708374023438e+00
3.499622821807861328e+00
9.092990875244140625e+00
8.754530906677246094e+00
7.699736595153808594e+00
5.060511589050292969e+00
5.127851963043212891e+00
8.885540962219238281e+00
9.076434969902038574e-01
8.344119071960449219e+00
4.571184158325195312e+00
2.648060083389282227e+00
4.986487388610839844e+00
5.062738418579101562e+00
9.656190872192382812e+00
8.242815017700195312e+00
8.654592514038085938e+00
9.454750061035156250e+00
3.667406797409057617e+00
8.365984916687011719e+00
5.954261779785156250e+00
9.458974838256835938e+00
7.935379981994628906e+00
5.391944885253906250e+00
3.249465227127075195e+00
9.576345443725585938e+00
7.392232894897460938e+00
4.337447166442871094e+00
9.666198730468750000e+00
9.405732154846191406e+00
5.260971069335937500e+00
5.718540191650390625e+00
6.245193481445312500e+00
6.442183494567871094e+00
2.216850042343139648e+00
4.414732456207275391e+00
2.200128793716430664e+00
8.779993653297424316e-02
9.289954185485839844e+00
3.864411354064941406e+00
2.366276025772094727e+00
4.515238285064697266e+00
1.827548146247863770e+00
3.995002746582031250e+00
3.710098028182983398e+00
6.806686401367187500e+00
9.189938545227050781e+00
8.592394828796386719e+00
5.308948516845703125e+00
8.019027709960937500e+00
1.587183237075805664e+00
9.804078102111816406e+00
3.092862367630004883e+00
8.583414077758789062e+00
8.860186576843261719e+00
7.714399337768554688e+00
4.678963184356689453e+00
1.295607566833496094e+00
6.972617149353027344e+00
7.204476356506347656e+00
2.972913026809692383e+00
2.683787584304809570e+00
6.545801162719726562e+00
2.896876037120819092e-01
8.991010665893554688e+00
9.491027832031250000e+00
7.255876064300537109e+00
1.522441506385803223e+00
1.465591192245483398e+00
1.288653016090393066e+00
8.158596992492675781e+00
9.329372406005859375e+00
6.397101402282714844e+00
4.551642894744873047e+00
5.772323608398437500e+00
1.052875161170959473e+00
9.477298736572265625e+00
1.326691985130310059e+00
4.184639453887939453e+00
1.272249102592468262e+00
6.378407001495361328e+00
6.868321418762207031e+00
1.708335399627685547e+00
5.508278608322143555e-01
2.526436328887939453e+00
6.532895565032958984e+00
7.557093620300292969e+00
9.903282523155212402e-01
6.778089523315429688e+00
1.619205236434936523e+00
1.412674188613891602e+00
4.992671966552734375e+00
5.674920558929443359e+00
4.925259113311767578e+00
5.524632453918457031e+00
5.010611534118652344e+00
8.808320999145507812e+00
3.808191776275634766e+00
7.680302143096923828e+00
7.226852893829345703e+00
5.743312358856201172e+00
4.356876850128173828e+00
5.916086196899414062e+00
1.572599411010742188e-01
1.339602351188659668e+00
7.137029647827148438e+00
6.782759666442871094e+00
7.821200370788574219e+00
1.697816967964172363e+00
8.722656250000000000e+00
8.123275756835937500e+00
2.739140748977661133e+00
1.217743873596191406e+00
8.024888992309570312e+00
5.936298370361328125e+00
1.819462180137634277e+00
7.543809413909912109e+00
3.233941793441772461e+00
4.408268928527832031e+00
1.015439987182617188e+00
9.290116310119628906e+00
2.504885673522949219e+00
7.876998901367187500e+00
5.375908613204956055e-01
4.373918056488037109e+00
5.902926445007324219e+00
6.673489570617675781e+00
9.579948425292968750e+00
2.416027784347534180e+00
5.120206356048583984e+00
2.862521648406982422e+00
8.505257606506347656e+00
8.760934829711914062e+00
8.114729881286621094e+00
2.871492147445678711e+00
4.306732654571533203e+00
4.439728260040283203e+00
5.728697776794433594e+00
2.543422698974609375e+00
9.889276504516601562e+00
9.320001602172851562e+00
3.584209918975830078e+00
3.074652671813964844e+00
1.409839630126953125e+00
1.698979854583740234e+00
7.550032138824462891e+00
3.389186859130859375e+00
6.729025840759277344e+00
6.558128356933593750e+00
5.943495750427246094e+00
1.889036297798156738e+00
3.417619705200195312e+00
9.705382347106933594e+00
5.739866495132446289e-01
2.075555086135864258e+00
6.214816093444824219e+00
8.208730697631835938e+00
5.654428005218505859e+00
5.541954517364501953e+00
1.361927986145019531e+00
9.217834472656250000e+00
5.193628311157226562e+00
7.820947170257568359e+00
3.756473064422607422e+00
7.597375392913818359e+00
2.374125644564628601e-02
1.569292306900024414e+00
6.494922637939453125e-01
5.982629776000976562e+00
4.912661075592041016e+00
1.833268284797668457e+00
5.635729789733886719e+00
3.890692234039306641e+00
6.664891242980957031e+00
5.544553279876708984e+00
2.135385036468505859e+00
7.009685039520263672e+00
6.445684909820556641e+00
6.656435012817382812e+00
8.890984535217285156e+00
6.204168796539306641e+00
6.431132316589355469e+00
2.300774097442626953e+00
9.740222930908203125e+00
1.822316050529479980e+00
8.841751098632812500e+00
8.013743400573730469e+00
9.902912139892578125e+00
4.918300628662109375e+00
9.759449005126953125e+00
5.069984197616577148e-01
2.165307760238647461e+00
1.212639331817626953e+00
5.300596237182617188e+00
5.993460655212402344e+00
7.133487701416015625e+00
2.524460554122924805e-01
6.479512214660644531e+00
2.547071218490600586e+00
5.375463485717773438e+00
9.331364035606384277e-01
9.978829383850097656e+00
9.769282341003417969e+00
4.234799385070800781e+00
8.511552810668945312e+00
4.308274269104003906e+00
5.580020427703857422e+00
6.212965011596679688e+00
9.716418266296386719e+00
3.648471534252166748e-01
1.808715105056762695e+00
5.634780406951904297e+00
5.332317352294921875e+00
1.349277257919311523e+00
7.632768630981445312e+00
1.733312487602233887e+00
8.522757530212402344e+00
1.593407869338989258e+00
2.704926490783691406e+00
8.099528312683105469e+00
5.626734733581542969e+00
4.541121482849121094e+00
6.783925056457519531e+00
7.107747077941894531e+00
5.142266154289245605e-01
5.634253025054931641e-01
7.597822189331054688e+00
2.166057586669921875e+00
3.243994474411010742e+00
1.730059146881103516e+00
2.313921213150024414e+00
4.067269325256347656e+00
1.869535565376281738e+00
5.460572242736816406e+00
6.383672237396240234e+00
3.798528015613555908e-01
2.586402893066406250e+00
3.651480674743652344e+00
4.682072401046752930e-01
1.078220844268798828e+00
3.228116035461425781e+00
5.543416976928710938e+00
3.639487266540527344e+00
8.435297012329101562e+00
8.200530052185058594e+00
3.383599221706390381e-01
6.783707141876220703e+00
8.944614410400390625e+00
5.902749061584472656e+00
3.164410591125488281e+00
7.372792810201644897e-02
1.612591981887817383e+00
6.669445514678955078e+00
6.503685951232910156e+00
6.004841804504394531e+00
5.999786853790283203e+00
9.129219055175781250e+00
7.110066413879394531e+00
2.638579368591308594e+00
6.540202498435974121e-01
6.770007133483886719e+00
2.205361366271972656e+00
2.595222473144531250e+00
6.127120018005371094e+00
5.544698715209960938e+00
1.670799493789672852e+00
7.421921730041503906e+00
5.346072196960449219e+00
7.305955410003662109e+00
5.328381538391113281e+00
5.898154377937316895e-01
6.341233253479003906e+00
3.142595767974853516e+00
3.776726484298706055e+00
8.237785339355468750e+00
9.106443405151367188e+00
5.710031509399414062e+00
9.720993041992187500e+00
4.394182205200195312e+00
8.359251976013183594e+00
8.970295906066894531e+00
2.431054353713989258e+00
7.046792030334472656e+00
9.173521995544433594e+00
1.177212476730346680e+00
9.103351593017578125e+00
2.776870727539062500e+00
4.762334823608398438e-01
7.236424446105957031e+00
5.906588554382324219e+00
8.608025550842285156e+00
5.160909175872802734e+00
8.462621688842773438e+00
3.209438800811767578e+00
3.447898864746093750e+00
4.104574203491210938e+00
6.611815452575683594e+00
4.640587806701660156e+00
8.826734542846679688e+00
2.123450756072998047e+00
6.912086009979248047e+00
6.777085781097412109e+00
9.108663201332092285e-01
5.580811023712158203e+00
5.653359889984130859e+00
2.497431516647338867e+00
2.327967166900634766e+00
8.037479400634765625e+00
3.914400190114974976e-02
7.316858291625976562e+00
4.205158233642578125e+00
1.032076835632324219e+00
9.742180824279785156e+00
2.622020721435546875e+00
2.872562170028686523e+00
1.816664218902587891e+00
6.306362628936767578e+00
9.084702491760253906e+00
8.403149247169494629e-01
3.193644285202026367e+00
1.583571672439575195e+00
8.094552993774414062e+00
3.383414506912231445e+00
3.780363798141479492e+00
7.516474246978759766e+00
1.556967735290527344e+00
5.150867462158203125e+00
1.743912577629089355e+00
6.705684185028076172e+00
4.999837398529052734e+00
6.892221570014953613e-01
2.137908220291137695e+00
5.666554450988769531e+00
8.554105758666992188e+00
2.948291301727294922e+00
3.690729379653930664e+00
9.363388061523437500e+00
4.169979572296142578e+00
5.457107424736022949e-01
7.342438697814941406e+00
3.665387868881225586e+00
3.716421365737915039e+00
9.917109489440917969e+00
1.611127614974975586e+00
8.684232711791992188e+00
7.021441459655761719e+00
4.295752048492431641e-01
1.786650538444519043e+00
8.597662925720214844e+00
2.536988258361816406e+00
3.253480911254882812e+00
2.355790376663208008e+00
2.579468250274658203e+00
3.197348117828369141e-01
