# x
0.000000000000000000e+00
0.000000000000000000e+00
0.000000000000000000e+00
0.000000000000000000e+00
0.000000000000000000e+00
1.000000000000000000e+01
1.182176828384399414e+00
4.152071475982666016e+00
4.850092887878417969e+00
7.922427654266357422e+00
5.355954170227050781e-02
5.202453613281250000e+00
9.150506973266601562e+00
7.928901195526123047e+00
7.350937843322753906e+00
9.349510192871093750e+00
3.388345539569854736e-01
3.845719337463378906e+00
3.629117906093597412e-01
8.508028030395507812e+00
7.750612258911132812e+00
2.797571182250976562e+00
1.092298179864883423e-01
2.567610502243041992e+00
6.294701576232910156e+00
8.822070121765136719e+00
2.651482105255126953e+00
2.372468233108520508e+00
2.414721488952636719e+00
6.761815547943115234e+00
4.120691299438476562e+00
7.498860836029052734e+00
2.859316110610961914e+00
8.826971054077148438e+00
8.907964706420898438e+00
4.923195362091064453e+00
2.218697309494018555e+00
2.538653612136840820e+00
4.021531343460083008e-01
3.521758556365966797e+00
3.625052452087402344e+00
1.374691128730773926e+00
7.717295169830322266e+00
3.446892261505126953e+00
6.897581100463867188e+00
3.177583694458007812e+00
1.589238405227661133e+00
5.341014385223388672e+00
9.604273796081542969e+00
8.018310546875000000e+00
1.970676064491271973e+00
2.143749713897705078e+00
6.483106136322021484e+00
6.782477378845214844e+00
2.173114061355590820e+00
1.639565467834472656e+00
5.048360824584960938e-01
4.822924613952636719e+00
3.505131959915161133e+00
6.002243041992187500e+00
1.182974100112915039e+00
4.822005748748779297e+00
6.119929313659667969e+00
7.409472942352294922e+00
5.230113029479980469e+00
2.279143571853637695e+00
7.941146373748779297e+00
6.888546466827392578e+00
8.561364173889160156e+00
1.012303948402404785e+00
1.653470039367675781e+00
2.262762188911437988e-01
9.250259399414062500e+00
6.071123123168945312e+00
5.506622791290283203e+00
6.714949607849121094e+00
2.649868726730346680e+00
4.537868499755859375e+00
1.236487030982971191e+00
8.586126327514648438e+00
6.422013759613037109e+00
5.479635715484619141e+00
6.837846755981445312e+00
5.904090404510498047e+00
7.707034111022949219e+00
6.634118556976318359e-01
3.783449649810791016e+00
9.801813125610351562e+00
7.333354949951171875e+00
1.877586729824542999e-02
5.500492095947265625e+00
1.716467022895812988e+00
1.050036430358886719e+00
9.988054275512695312e+00
6.365490913391113281e+00
9.271621704101562500e-01
2.124587535858154297e+00
3.493624687194824219e+00
6.979707717895507812e+00
4.496028900146484375e+00
8.227796554565429688e+00
5.595073223114013672e+00
8.186587691307067871e-01
7.011522769927978516e+00
2.180566787719726562e-01
2.608466148376464844e+00
2.332302808761596680e+00
5.842473506927490234e-01
3.487457036972045898e+00
5.632946014404296875e+00
2.191633462905883789e+00
7.526700973510742188e+00
9.173318862915039062e+00
2.807907104492187500e+00
1.557759284973144531e+00
3.064458608627319336e+00
9.982842445373535156e+00
5.565528392791748047e+00
4.352632045745849609e+00
8.560163497924804688e+00
1.294422268867492676e+00
2.201455593109130859e+00
2.949974298477172852e+00
2.872043848037719727e-01
7.483394145965576172e+00
6.040698051452636719e+00
1.920230507850646973e+00
8.366328239440917969e+00
5.861705780029296875e+00
2.853049993515014648e+00
1.899544954299926758e+00
7.488061904907226562e+00
9.803947448730468750e+00
9.784096717834472656e+00
6.842518329620361328e+00
6.171007156372070312e+00
8.602033853530883789e-01
9.766619205474853516e-01
5.028028964996337891e+00
3.641827583312988281e+00
8.035371780395507812e+00
6.366692066192626953e+00
4.705777168273925781e+00
3.262293100357055664e+00
1.838246881961822510e-01
5.266547203063964844e+00
6.181316375732421875e+00
2.813562393188476562e+00
5.080581188201904297e+00
8.339331626892089844e+00
7.026743888854980469e+00
5.146142959594726562e+00
8.991147041320800781e+00
2.465225458145141602e+00
7.483253002166748047e+00
5.217072486877441406e+00
9.157638549804687500e-01
1.202384829521179199e+00
5.292897224426269531e+00
8.148831129074096680e-01
8.410611152648925781e+00
4.010331153869628906e+00
5.906677722930908203e+00
9.785651206970214844e+00
1.182352662086486816e+00
2.449767827987670898e+00
8.135087966918945312e+00
3.610520601272583008e+00
4.556049823760986328e+00
8.994834899902343750e+00
5.391448020935058594e+00
1.807701587677001953e+00
2.216756105422973633e+00
6.799898147583007812e+00
4.097966670989990234e+00
6.403316497802734375e+00
8.521079063415527344e+00
3.930500984191894531e+00
3.972351789474487305e+00
1.895349323749542236e-01
9.164730072021484375e+00
3.481348037719726562e+00
8.696907997131347656e+00
3.340261459350585938e+00
3.321316719055175781e+00
1.434103846549987793e+00
6.280065059661865234e+00
1.579913973808288574e+00
6.284036159515380859e+00
9.893876075744628906e+00
6.535707473754882812e+00
9.776129722595214844e+00
5.127053260803222656e+00
4.095225811004638672e+00
2.828679561614990234e+00
3.270676136016845703e+00
9.073323249816894531e+00
3.907563984394073486e-01
6.792603492736816406e+00
7.010789871215820312e+00
7.690534591674804688e+00
6.199142456054687500e+00
9.061608314514160156e+00
1.234074115753173828e+00
3.996267795562744141e+00
7.121310710906982422e+00
6.461985111236572266e-01
8.535551071166992188e+00
4.656378746032714844e+00
8.232741355895996094e+00
7.740437984466552734e+00
9.802324295043945312e+00
7.319216728210449219e+00
6.635071754455566406e+00
4.773474216461181641e+00
4.813568115234375000e+00
1.727534532546997070e+00
1.357192039489746094e+00
9.016657829284667969e+00
8.419681549072265625e+00
4.690717697143554688e+00
5.298885345458984375e+00
7.511123083531856537e-03
1.511826515197753906e+00
8.224375724792480469e+00
4.247034072875976562e+00
3.625527858734130859e+00
5.244961738586425781e+00
7.806454896926879883e-01
8.878213882446289062e+00
7.143394470214843750e+00
7.437168121337890625e+00
7.342583656311035156e+00
6.981384277343750000e+00
3.876020431518554688e+00
9.614345550537109375e+00
3.548820972442626953e+00
7.938377857208251953e-01
7.432962417602539062e+00
7.689040184020996094e+00
3.283972263336181641e+00
8.347484588623046875e+00
2.186729013919830322e-01
4.999212741851806641e+00
9.787417411804199219e+00
5.046272873878479004e-01
2.985608816146850586e+00
2.691643238067626953e+00
8.046714782714843750e+00
1.769112825393676758e+00
6.465411186218261719e-01
9.814380645751953125e+00
6.982144355773925781e+00
4.139063835144042969e+00
3.235231876373291016e+00
8.823477745056152344e+00
2.171757698059082031e+00
3.609174489974975586e+00
8.295680999755859375e+00
2.214756250381469727e+00
2.626134872436523438e+00
2.535963296890258789e+00
5.436949729919433594e+00
9.279799461364746094e+00
6.523674964904785156e+00
5.220701694488525391e+00
2.092055320739746094e+00
7.652246952056884766e+00
7.687138557434082031e+00
3.572063207626342773e+00
5.893238067626953125e+00
9.392224311828613281e+00
3.833008766174316406e+00
9.551958084106445312e+00
5.256615638732910156e+00
8.781686782836914062e+00
7.837276458740234375e+00
8.884490013122558594e+00
7.047621726989746094e+00
6.229833602905273438e+00
3.852087497711181641e+00
5.115046024322509766e+00
1.975573003292083740e-01
6.397995948791503906e+00
2.243150234222412109e+00
5.537133693695068359e+00
4.784404754638671875e+00
5.479793548583984375e+00
7.461675643920898438e+00
2.543649673461914062e+00
3.048686027526855469e+00
1.087874293327331543e+00
4.800527572631835938e+00
6.559595108032226562e+00
8.154184341430664062e+00
9.616686820983886719e+00
8.039698600769042969e+00
7.084542512893676758e-02
5.794298648834228516e+00
2.031202793121337891e+00
8.491487503051757812e+00
5.968455314636230469e+00
1.498410582542419434e+00
4.188539087772369385e-01
9.842654228210449219e+00
8.345687866210937500e+00
5.540771484375000000e+00
9.475515365600585938e+00
6.662816047668457031e+00
4.501437664031982422e+00
8.142845153808593750e+00
4.317770957946777344e+00
2.786277830600738525e-01
3.557956457138061523e+00
7.554821491241455078e+00
6.973022937774658203e+00
6.337208151817321777e-01
9.263514518737792969e+00
1.586377739906311035e+00
6.527795314788818359e+00
7.665420770645141602e-01
9.983950853347778320e-01
1.101285219192504883e-01
8.311203002929687500e+00
6.037852287292480469e+00
5.970866680145263672e+00
2.063279449939727783e-01
5.479643344879150391e+00
9.035895347595214844e+00
7.435995101928710938e+00
8.777765274047851562e+00
1.545367121696472168e+00
1.454751014709472656e+00
8.270298004150390625e+00
3.152282476425170898e+00
9.166062355041503906e+00
6.341947555541992188e+00
5.900113582611083984e+00
8.255146980285644531e+00
6.483991622924804688e+00
9.499782562255859375e+00
5.765588283538818359e+00
5.727834701538085938e+00
5.941768169403076172e+00
1.516780853271484375e+00
4.504354476928710938e+00
3.704622030258178711e+00
2.432747364044189453e+00
9.014202117919921875e+00
4.208282828330993652e-01
8.368549346923828125e+00
5.212964057922363281e+00
8.282574653625488281e+00
2.192042112350463867e+00
5.057082176208496094e+00
5.573335647583007812e+00
9.610158920288085938e+00
4.466030120849609375e+00
2.027537345886230469e+00
7.456176757812500000e+00
2.305116415023803711e+00
5.909224748611450195e-01
1.315764307975769043e+00
8.423768997192382812e+00
3.713519096374511719e+00
6.091717720031738281e+00
7.962999343872070312e+00
9.255313873291015625e+00
3.951694965362548828e+00
3.303017854690551758e+00
7.564098387956619263e-02
6.181316375732421875e+00
8.536110877990722656e+00
8.011245727539062500e+00
4.664650440216064453e+00
2.519156694412231445e+00
4.946739196777343750e+00
5.609581947326660156e+00
3.912385940551757812e+00
6.063616752624511719e+00
4.891906261444091797e+00
9.377443313598632812e+00
1.701879978179931641e+00
4.892920017242431641e+00
5.221628665924072266e+00
3.788147211074829102e+00
3.614194631576538086e+00
8.950625419616699219e+00
5.931047916412353516e+00
7.615087032318115234e+00
7.844896316528320312e-01
3.701764583587646484e+00
2.037151098251342773e+00
6.970662593841552734e+00
4.208708286285400391e+00
7.749991893768310547e+00
2.320934295654296875e+00
8.281899452209472656e+00
1.568727254867553711e+00
3.099662065505981445e+00
3.813713550567626953e+00
1.534685373306274414e+00
1.205323562026023865e-01
1.320710062980651855e+00
5.088243484497070312e-01
6.953930854797363281e+00
7.880407333374023438e+00
7.398376464843750000e+00
4.700717449188232422e+00
9.314681053161621094e+00
1.340587437152862549e-01
8.555543899536132812e+00
8.155079841613769531e+00
8.923939704895019531e+00
8.275356292724609375e+00
4.977207779884338379e-01
5.690664291381835938e+00
7.393448948860168457e-01
2.128596544265747070e+00
2.826811790466308594e+00
4.113458096981048584e-01
1.286155916750431061e-02
9.144967079162597656e+00
7.280962467193603516e+00
8.450588226318359375e+00
4.917196273803710938e+00
7.410323619842529297e-01
3.297124862670898438e+00
7.865347862243652344e+00
2.042454242706298828e+00
1.730073094367980957e-01
7.606340408325195312e+00
2.076778173446655273e+00
7.160138130187988281e+00
9.812887191772460938e+00
4.402803421020507812e+00
1.084898233413696289e+00
4.115476608276367188e+00
3.819457292556762695e+00
1.096648931503295898e+00
9.005261421203613281e+00
5.826864719390869141e+00
9.222762107849121094e+00
3.953420639038085938e+00
2.962291479110717773e+00
5.865488529205322266e+00
1.928440809249877930e+00
6.115466356277465820e-01
2.266839742660522461e+00
9.014195442199707031e+00
2.154213905334472656e+00
8.680857658386230469e+00
2.032478809356689453e+00
2.171303272247314453e+00
2.362423896789550781e+00
1.143538594245910645e+00
7.876243591308593750e+00
9.384668350219726562e+00
5.118608951568603516e+00
1.712156057357788086e+00
8.902781605720520020e-01
2.294609546661376953e+00
7.339795112609863281e+00
5.250730037689208984e+00
8.664726257324218750e+00
2.600949048995971680e+00
9.200263977050781250e+00
9.084635734558105469e+00
2.166989326477050781e+00
6.861794471740722656e+00
1.683307886123657227e+00
8.687788009643554688e+00
9.306453704833984375e+00
5.318297147750854492e-01
5.750492095947265625e+00
8.161898612976074219e+00
3.498806953430175781e+00
1.471362233161926270e+00
5.900765419006347656e+00
1.620613932609558105e+00
3.694662570953369141e+00
8.422844886779785156e+00
4.741750240325927734e+00
4.021439075469970703e+00
2.978309631347656250e+00
6.355278968811035156e+00
6.884364128112792969e+00
8.080101013183593750e+00
5.889458656311035156e+00
9.904013633728027344e+00
9.433103561401367188e+00
7.856013774871826172e+00
5.546246051788330078e+00
4.338151931762695312e+00
5.422163963317871094e+00
3.019957304000854492e+00
5.659669876098632812e+00
8.601928949356079102e-01
6.492908000946044922e+00
1.692558288574218750e+00
6.357258796691894531e+00
1.953083753585815430e+00
7.888762950897216797e+00
8.837986946105957031e+00
9.275943756103515625e+00
3.667178153991699219e-01
