# x
0.000000000000000000e+00
0.000000000000000000e+00
0.000000000000000000e+00
0.000000000000000000e+00
0.000000000000000000e+00
0.000000000000000000e+00
0.000000000000000000e+00
0.000000000000000000e+00
0.000000000000000000e+00
0.000000000000000000e+00
0.000000000000000000e+00
0.000000000000000000e+00
0.000000000000000000e+00
0.000000000000000000e+00
0.000000000000000000e+00
0.000000000000000000e+00
0.000000000000000000e+00
0.000000000000000000e+00
0.000000000000000000e+00
0.000000000000000000e+00
0.000000000000000000e+00
0.000000000000000000e+00
0.000000000000000000e+00
0.000000000000000000e+00
0.000000000000000000e+00
0.000000000000000000e+00
0.000000000000000000e+00
0.000000000000000000e+00
0.000000000000000000e+00
0.000000000000000000e+00
0.000000000000000000e+00
0.000000000000000000e+00
0.000000000000000000e+00
0.000000000000000000e+00
0.000000000000000000e+00
0.000000000000000000e+00
0.000000000000000000e+00
0.000000000000000000e+00
0.000000000000000000e+00
0.000000000000000000e+00
0.000000000000000000e+00
5.263158082962036133e-01
1.052631616592407227e+00
1.578947424888610840e+00
2.105263233184814453e+00
2.631578922271728516e+00
3.157894849777221680e+00
3.684210538864135742e+00
4.210526466369628906e+00
4.736842155456542969e+00
5.263157844543457031e+00
5.789473533630371094e+00
6.315789699554443359e+00
6.842105388641357422e+00
7.368421077728271484e+00
7.894736766815185547e+00
8.421052932739257812e+00
8.947368621826171875e+00
9.473684310913085938e+00
1.000000000000000000e+01
0.000000000000000000e+00
5.263158082962036133e-01
1.052631616592407227e+00
1.578947424888610840e+00
2.105263233184814453e+00
2.631578922271728516e+00
3.157894849777221680e+00
3.684210538864135742e+00
4.210526466369628906e+00
4.736842155456542969e+00
5.263157844543457031e+00
5.789473533630371094e+00
6.315789699554443359e+00
6.842105388641357422e+00
7.368421077728271484e+00
7.894736766815185547e+00
8.421052932739257812e+00
8.947368621826171875e+00
9.473684310913085938e+00
1.000000000000000000e+01
1.000000000000000000e+01
1.000000000000000000e+01
1.000000000000000000e+01
1.000000000000000000e+01
1.000000000000000000e+01
1.000000000000000000e+01
0.000000000000000000e+00
0.000000000000000000e+00
0.000000000000000000e+00
1.000000000000000000e+01
0.000000000000000000e+00
1.000000000000000000e+01
0.000000000000000000e+00
1.000000000000000000e+01
0.000000000000000000e+00
0.000000000000000000e+00
0.000000000000000000e+00
0.000000000000000000e+00
1.000000000000000000e+01
0.000000000000000000e+00
2.125922679901123047e+00
7.947123050689697266e-01
7.474805831909179688e+00
8.003998756408691406e+00
2.682512044906616211e+00
4.788204193115234375e+00
3.925038337707519531e+00
9.283455610275268555e-01
4.478455543518066406e+00
1.366884820163249969e-02
6.168976783752441406e+00
1.605343669652938843e-01
1.774354428052902222e-01
3.732289791107177734e+00
2.731244802474975586e+00
2.856184005737304688e+00
4.146714687347412109e+00
2.091285943984985352e+00
9.548626899719238281e+00
6.685532569885253906e+00
6.322331428527832031e+00
3.325978666543960571e-02
4.730166912078857422e+00
6.466183185577392578e+00
6.365393400192260742e-01
7.768013477325439453e-01
9.037980079650878906e+00
1.039622724056243896e-01
9.301578521728515625e+00
2.963842391967773438e+00
2.043068170547485352e+00
5.075296878814697266e+00
9.164386749267578125e+00
6.869470596313476562e+00
4.470955848693847656e+00
1.245354175567626953e+00
1.143704414367675781e+00
9.201563894748687744e-02
8.905876159667968750e+00
9.096897125244140625e+00
5.284590244293212891e+00
1.825200319290161133e-01
6.618599891662597656e+00
4.325081825256347656e+00
1.057375669479370117e+00
6.674757003784179688e+00
1.646735906600952148e+00
9.853418350219726562e+00
4.536052227020263672e+00
8.797519683837890625e+00
4.157760620117187500e+00
4.468061923980712891e+00
5.674793243408203125e+00
1.332895040512084961e+00
2.541049480438232422e+00
6.185130119323730469e+00
8.417505264282226562e+00
1.457786798477172852e+00
1.896489381790161133e+00
8.326548933982849121e-01
5.592359542846679688e+00
5.288231372833251953e+00
1.599980592727661133e+00
5.541655540466308594e+00
8.600047111511230469e+00
6.282851696014404297e+00
1.338314890861511230e+00
6.895364761352539062e+00
8.643685340881347656e+00
6.129942417144775391e+00
7.012502670288085938e+00
9.939811706542968750e+00
3.166402876377105713e-01
5.169764041900634766e+00
7.403701782226562500e+00
8.047005653381347656e+00
3.032085299491882324e-01
3.057924270629882812e+00
1.570745468139648438e+00
1.894651532173156738e+00
1.236813902854919434e+00
4.595833778381347656e+00
8.509406089782714844e+00
4.122762203216552734e+00
5.860060691833496094e+00
6.397912025451660156e+00
1.186413884162902832e+00
8.199839591979980469e+00
2.952662944793701172e+00
4.932825088500976562e+00
8.580015182495117188e+00
9.820621609687805176e-01
1.262652993202209473e+00
5.509788513183593750e+00
1.838571906089782715e+00
2.416078090667724609e+00
7.367960929870605469e+00
9.489570617675781250e+00
7.955167293548583984e+00
3.489628434181213379e-01
4.396902561187744141e+00
7.949108123779296875e+00
7.091010093688964844e+00
1.818351507186889648e+00
5.355983257293701172e+00
3.892811775207519531e+00
5.940066337585449219e+00
8.338033676147460938e+00
5.444545745849609375e+00
9.103612899780273438e+00
4.777619838714599609e+00
7.305989265441894531e+00
9.224984169006347656e+00
1.746091127395629883e+00
7.309471130371093750e+00
3.517263174057006836e+00
5.890951156616210938e-01
9.774906158447265625e+00
9.096982955932617188e+00
5.574026107788085938e+00
9.794506072998046875e+00
8.982282638549804688e+00
3.258872270584106445e+00
1.998462557792663574e+00
8.979459762573242188e+00
3.063017845153808594e+00
6.539541482925415039e-01
1.674165606498718262e+00
9.014550209045410156e+00
2.642484664916992188e+00
9.856483459472656250e+00
8.642872571945190430e-01
7.689834594726562500e+00
7.018874168395996094e+00
5.668377876281738281e+00
6.411133289337158203e+00
6.995311737060546875e+00
7.646829605102539062e+00
5.063492655754089355e-01
3.662470340728759766e+00
8.441688537597656250e+00
7.244568824768066406e+00
2.383502006530761719e+00
6.949819564819335938e+00
3.534508049488067627e-01
8.020953178405761719e+00
9.603491783142089844e+00
6.975620269775390625e+00
3.449954986572265625e+00
9.102723121643066406e+00
3.368610858917236328e+00
1.376058101654052734e+00
3.104543387889862061e-01
4.480469226837158203e+00
5.980434894561767578e+00
7.208681106567382812e+00
4.467366218566894531e+00
4.644901156425476074e-01
5.280054092407226562e+00
9.795553207397460938e+00
5.771477222442626953e+00
3.485312700271606445e+00
9.112700462341308594e+00
3.492264270782470703e+00
2.548222541809082031e+00
2.867261879146099091e-03
4.007720947265625000e+00
6.188491821289062500e+00
7.452830314636230469e+00
5.157433748245239258e-01
9.869072914123535156e+00
9.840522766113281250e+00
6.930345535278320312e+00
2.735873699188232422e+00
9.123774528503417969e+00
8.553281784057617188e+00
4.129746913909912109e+00
9.090226292610168457e-01
4.790148735046386719e+00
3.663575887680053711e+00
5.061283588409423828e+00
1.717690467834472656e+00
9.510629653930664062e+00
4.684736728668212891e+00
4.920229315757751465e-01
9.230579376220703125e+00
8.151441574096679688e+00
6.423698663711547852e-01
2.926349401473999023e+00
7.606787204742431641e+00
9.542366981506347656e+00
3.617355346679687500e+00
4.956708908081054688e+00
3.265943288803100586e+00
6.620735168457031250e+00
7.131087303161621094e+00
2.514009237289428711e+00
9.744538307189941406e+00
8.775313377380371094e+00
2.755599975585937500e+00
3.818528890609741211e+00
9.471691131591796875e+00
2.175452411174774170e-01
8.866460800170898438e+00
9.790900230407714844e+00
4.589084148406982422e+00
9.130667686462402344e+00
3.806166648864746094e+00
7.090010166168212891e+00
3.010503053665161133e+00
3.591963768005371094e+00
1.362311840057373047e+00
4.830113053321838379e-02
6.398230552673339844e+00
7.423452377319335938e+00
3.899859189987182617e+00
6.416210651397705078e+00
8.926365852355957031e+00
5.712069511413574219e+00
5.671343207359313965e-01
3.633999824523925781e+00
3.137675285339355469e+00
3.154771804809570312e+00
8.556187629699707031e+00
6.549959659576416016e+00
8.267759323120117188e+00
7.215872764587402344e+00
5.653800010681152344e+00
9.745442390441894531e+00
1.032567143440246582e+00
3.596378326416015625e+00
6.891130805015563965e-01
8.966621398925781250e+00
4.340420663356781006e-01
3.192975997924804688e+00
9.658909797668457031e+00
3.742155551910400391e+00
1.218941807746887207e+00
3.858873605728149414e+00
7.897364616394042969e+00
6.270897388458251953e+00
2.792188167572021484e+00
2.585544347763061523e+00
9.128276824951171875e+00
4.024291515350341797e+00
3.201704263687133789e+00
2.139233350753784180e+00
6.457383155822753906e+00
7.854009866714477539e-01
8.129837989807128906e+00
5.426172256469726562e+00
2.044228792190551758e+00
8.542979955673217773e-01
4.750528335571289062e+00
8.266711831092834473e-01
2.926522731781005859e+00
9.591403961181640625e+00
2.959546804428100586e+00
1.552412748336791992e+00
7.524496078491210938e+00
9.376982688903808594e+00
6.092442274093627930e-01
7.126580238342285156e+00
3.951500892639160156e+00
1.039585545659065247e-01
4.989972591400146484e+00
4.811287403106689453e+00
8.821060180664062500e+00
7.514798641204833984e+00
9.281534194946289062e+00
4.507304191589355469e+00
5.301328182220458984e+00
1.510349988937377930e+00
8.014119148254394531e+00
6.433188915252685547e+00
2.829231262207031250e+00
8.508582115173339844e+00
7.658004760742187500e-01
3.277959823608398438e+00
3.402354717254638672e+00
8.871025085449218750e+00
4.681464672088623047e+00
9.997248053550720215e-01
1.396051406860351562e+00
3.880049943923950195e+00
1.958319425582885742e+00
4.049045562744140625e+00
7.232445716857910156e+00
4.284894466400146484e+00
3.596921205520629883e+00
2.655581235885620117e+00
8.346472740173339844e+00
5.470931053161621094e+00
7.673974990844726562e+00
4.118684291839599609e+00
6.176843166351318359e+00
9.518476486206054688e+00
2.797616720199584961e+00
6.413386344909667969e+00
7.453497886657714844e+00
1.863634824752807617e+00
7.690365314483642578e+00
6.669517040252685547e+00
9.448368072509765625e+00
1.578278422355651855e+00
1.228827953338623047e+00
9.397391319274902344e+00
6.386853456497192383e-01
9.489477157592773438e+00
1.109417062252759933e-02
7.559890270233154297e+00
2.841380119323730469e+00
4.509292125701904297e+00
4.036627769470214844e+00
3.766429185867309570e+00
2.511963605880737305e+00
3.314411640167236328e+00
9.125741004943847656e+00
7.746329307556152344e+00
2.637147903442382812e+00
6.559827804565429688e+00
7.185248851776123047e+00
9.067610502243041992e-01
2.000539779663085938e+00
1.093918204307556152e+00
3.971462249755859375e+00
8.229466438293457031e+00
4.981327533721923828e+00
1.350989937782287598e+00
1.062502503395080566e+00
8.744180679321289062e+00
8.536545753479003906e+00
2.263242244720458984e+00
6.032051563262939453e+00
9.250425338745117188e+00
5.626749992370605469e+00
3.202027797698974609e+00
4.287902355194091797e+00
2.097805023193359375e+00
1.547870755195617676e+00
5.578779697418212891e+00
5.379860401153564453e+00
1.447959184646606445e+00
2.500700652599334717e-01
1.611097097396850586e+00
6.366631507873535156e+00
9.670872688293457031e+00
7.129974365234375000e+00
6.999018192291259766e+00
6.404157638549804688e+00
4.639586925506591797e+00
6.236549377441406250e+00
5.341221809387207031e+00
1.273011445999145508e+00
3.384915351867675781e+00
4.235247135162353516e+00
8.172014236450195312e+00
9.183998107910156250e+00
6.242244720458984375e+00
2.978130817413330078e+00
7.294818758964538574e-01
5.299594879150390625e+00
2.741259336471557617e+00
9.265092849731445312e+00
5.251873970031738281e+00
5.890672802925109863e-01
3.453239917755126953e+00
4.457800865173339844e+00
3.724365472793579102e+00
6.243978500366210938e+00
4.892600059509277344e+00
8.789564132690429688e+00
7.801261425018310547e+00
1.062277674674987793e+00
8.269620895385742188e+00
4.347625255584716797e+00
6.835057735443115234e+00
2.064389705657958984e+00
4.495076179504394531e+00
5.955932140350341797e+00
9.464374542236328125e+00
2.147869586944580078e+00
8.909061431884765625e+00
7.715327739715576172e+00
6.243983268737792969e+00
3.682446002960205078e+00
4.013166904449462891e+00
1.341892719268798828e+00
2.753931522369384766e+00
3.768589019775390625e+00
7.408488273620605469e+00
5.686928749084472656e+00
1.619354248046875000e+00
6.090363502502441406e+00
5.524097442626953125e+00
5.279552459716796875e+00
4.411387443542480469e-01
4.844682216644287109e+00
4.927581787109375000e+00
7.584323406219482422e+00
2.929240703582763672e+00
3.010344028472900391e+00
4.649132728576660156e+00
2.460236787796020508e+00
9.553576469421386719e+00
1.899302482604980469e+00
1.600129485130310059e+00
5.419855594635009766e+00
8.423246383666992188e+00
6.077311515808105469e+00
9.338180541992187500e+00
9.510675430297851562e+00
8.983272552490234375e+00
6.219716072082519531e+00
7.396908760070800781e+00
2.169412136077880859e+00
6.216129302978515625e+00
6.356693267822265625e+00
6.285998821258544922e+00
1.382769942283630371e+00
8.673285484313964844e+00
1.433493614196777344e+00
6.536005020141601562e+00
9.442878723144531250e+00
4.302047729492187500e+00
6.577009201049804688e+00
4.294765472412109375e+00
5.289454460144042969e-01
3.662124633789062500e+00
1.868070125579833984e+00
5.878822326660156250e+00
5.256155967712402344e+00
2.085998296737670898e+00
2.926034450531005859e+00
3.662991821765899658e-01
6.873158454895019531e+00
4.345388412475585938e+00
1.027308702468872070e+00
4.056732177734375000e+00
7.527646422386169434e-01
7.299732685089111328e+00
7.353145599365234375e+00
6.114764690399169922e+00
3.145265579223632812e+00
5.816942214965820312e+00
2.247761726379394531e+00
2.749929904937744141e+00
3.241963624954223633e+00
4.353885173797607422e+00
2.646780252456665039e+00
8.584220886230468750e+00
9.254202842712402344e-01
1.849414706230163574e+00
5.159833431243896484e-01
6.260059356689453125e+00
3.257412672042846680e+00
6.254177570343017578e+00
9.509030342102050781e+00
2.638515233993530273e+00
8.003217697143554688e+00
8.892718315124511719e+00
4.937870979309082031e+00
1.329687118530273438e+00
8.300692558288574219e+00
8.450922012329101562e+00
5.404384136199951172e-01
8.792345046997070312e+00
9.475298881530761719e+00
3.818805694580078125e+00
9.633389472961425781e+00
2.337810039520263672e+00
6.958676338195800781e+00
2.514913082122802734e+00
9.399109840393066406e+00
4.283779144287109375e+00
9.867850303649902344e+00
6.114201545715332031e+00
7.147429466247558594e+00
1.454495668411254883e+00
1.977310180664062500e-01
7.803418159484863281e+00
8.267452239990234375e+00
8.664628028869628906e+00
8.029072761535644531e+00
2.400523424148559570e+00
8.266281127929687500e+00
3.322754144668579102e+00
5.740864276885986328e+00
9.040948867797851562e+00
5.896445274353027344e+00
8.954645156860351562e+00
7.897657394409179688e+00
1.156794667243957520e+00
7.914238572120666504e-01
7.602730274200439453e+00
1.437896966934204102e+00
3.364785909652709961e+00
9.796099662780761719e+00
3.877730607986450195e+00
7.669892787933349609e+00
