# x
0.000000000000000000e+00
0.000000000000000000e+00
0.000000000000000000e+00
0.000000000000000000e+00
0.000000000000000000e+00
0.000000000000000000e+00
0.000000000000000000e+00
0.000000000000000000e+00
0.000000000000000000e+00
0.000000000000000000e+00
0.000000000000000000e+00
0.000000000000000000e+00
0.000000000000000000e+00
0.000000000000000000e+00
0.000000000000000000e+00
0.000000000000000000e+00
0.000000000000000000e+00
0.000000000000000000e+00
0.000000000000000000e+00
0.000000000000000000e+00
0.000000000000000000e+00
0.000000000000000000e+00
0.000000000000000000e+00
0.000000000000000000e+00
0.000000000000000000e+00
0.000000000000000000e+00
0.000000000000000000e+00
0.000000000000000000e+00
0.000000000000000000e+00
0.000000000000000000e+00
0.000000000000000000e+00
0.000000000000000000e+00
0.000000000000000000e+00
0.000000000000000000e+00
0.000000000000000000e+00
0.000000000000000000e+00
0.000000000000000000e+00
0.000000000000000000e+00
0.000000000000000000e+00
0.000000000000000000e+00
0.000000000000000000e+00
0.000000000000000000e+00
0.000000000000000000e+00
0.000000000000000000e+00
0.000000000000000000e+00
0.000000000000000000e+00
0.000000000000000000e+00
0.000000000000000000e+00
0.000000000000000000e+00
5.263158082962036133e-01
1.052631616592407227e+00
1.578947424888610840e+00
2.105263233184814453e+00
2.631578922271728516e+00
3.157894849777221680e+00
3.684210538864135742e+00
4.210526466369628906e+00
4.736842155456542969e+00
5.263157844543457031e+00
5.789473533630371094e+00
6.315789699554443359e+00
6.842105388641357422e+00
7.368421077728271484e+00
7.894736766815185547e+00
8.421052932739257812e+00
8.947368621826171875e+00
9.473684310913085938e+00
1.000000000000000000e+01
0.000000000000000000e+00
5.263158082962036133e-01
1.052631616592407227e+00
1.578947424888610840e+00
2.105263233184814453e+00
2.631578922271728516e+00
3.157894849777221680e+00
3.684210538864135742e+00
4.210526466369628906e+00
4.736842155456542969e+00
5.263157844543457031e+00
5.789473533630371094e+00
6.315789699554443359e+00
6.842105388641357422e+00
7.368421077728271484e+00
7.894736766815185547e+00
8.421052932739257812e+00
8.947368621826171875e+00
9.473684310913085938e+00
1.000000000000000000e+01
1.000000000000000000e+01
0.000000000000000000e+00
0.000000000000000000e+00
0.000000000000000000e+00
1.000000000000000000e+01
1.000000000000000000e+01
0.000000000000000000e+00
1.000000000000000000e+01
1.000000000000000000e+01
0.000000000000000000e+00
1.000000000000000000e+01
1.000000000000000000e+01
0.000000000000000000e+00
0.000000000000000000e+00
1.000000000000000000e+01
0.000000000000000000e+00
0.000000000000000000e+00
0.000000000000000000e+00
0.000000000000000000e+00
0.000000000000000000e+00
2.346709012985229492e+00
5.700079917907714844e+00
1.429703831672668457e+00
7.841809272766113281e+00
8.886659622192382812e+00
3.612755298614501953e+00
4.943625450134277344e+00
5.856420993804931641e+00
6.494260787963867188e+00
4.081532001495361328e+00
3.074042320251464844e+00
5.003381729125976562e+00
7.846523284912109375e+00
4.563252449035644531e+00
7.947778105735778809e-01
5.994363307952880859e+00
7.512901306152343750e+00
7.207156181335449219e+00
4.092273235321044922e+00
7.261248588562011719e+00
7.765905380249023438e+00
9.181663513183593750e+00
3.313924312591552734e+00
3.837720394134521484e+00
3.656748294830322266e+00
9.431768557988107204e-04
5.949371337890625000e+00
2.268247306346893311e-01
3.648622512817382812e+00
1.577744722366333008e+00
4.149342536926269531e+00
9.422952651977539062e+00
3.671132564544677734e+00
3.107541203498840332e-01
4.353975296020507812e+00
3.877536773681640625e+00
7.565169811248779297e+00
1.092097833752632141e-01
1.907505989074707031e+00
3.627336025238037109e+00
6.983181238174438477e-01
1.519618034362792969e+00
2.154335379600524902e-01
5.302930831909179688e+00
3.889772891998291016e+00
8.465556144714355469e+00
5.404205799102783203e+00
1.023639202117919922e+00
9.278509616851806641e-01
4.493997097015380859e+00
4.315839767456054688e+00
4.931593894958496094e+00
8.038151860237121582e-01
6.931691646575927734e+00
8.590824127197265625e+00
4.173712730407714844e+00
2.867678642272949219e+00
6.050935268402099609e+00
4.839206218719482422e+00
4.464293003082275391e+00
1.642261743545532227e+00
9.425812721252441406e+00
7.728940963745117188e+00
4.834312915802001953e+00
6.999173164367675781e-01
5.175347328186035156e+00
6.561967849731445312e+00
1.990343332290649414e+00
7.896754264831542969e+00
7.187597274780273438e+00
4.843883037567138672e+00
9.147778511047363281e+00
6.315608978271484375e+00
4.236011981964111328e+00
5.961701393127441406e+00
5.373722076416015625e+00
3.705467939376831055e+00
5.440237522125244141e+00
8.406725883483886719e+00
3.095318078994750977e+00
6.109559535980224609e+00
1.736763477325439453e+00
1.361369192600250244e-01
2.239699602127075195e+00
9.852923393249511719e+00
8.408167839050292969e+00
5.604519844055175781e+00
4.356339454650878906e+00
7.070871353149414062e+00
6.292105674743652344e+00
1.300073981285095215e+00
2.243900597095489502e-01
5.055609226226806641e+00
5.094856739044189453e+00
5.075075149536132812e+00
5.288290500640869141e+00
7.495531558990478516e+00
1.375826120376586914e+00
6.291603565216064453e+00
8.329490661621093750e+00
6.793414115905761719e+00
4.672675609588623047e+00
4.005319595336914062e+00
1.229053854942321777e+00
7.950207710266113281e+00
5.076749801635742188e+00
3.325222492218017578e+00
6.927308559417724609e+00
2.939968347549438477e+00
9.450630843639373779e-02
1.137503623962402344e+00
2.618902206420898438e+00
3.602934122085571289e+00
9.130126953125000000e+00
5.029862523078918457e-01
8.894437789916992188e+00
6.237365722656250000e+00
7.139339447021484375e+00
5.465996742248535156e+00
7.838458538055419922e+00
3.189426362514495850e-01
1.493384838104248047e+00
5.652051568031311035e-01
3.188240528106689453e+00
5.497222423553466797e+00
7.397366523742675781e+00
2.898551940917968750e+00
7.282229423522949219e+00
9.514736175537109375e+00
6.133525371551513672e+00
6.074592590332031250e+00
9.852620363235473633e-01
1.831236958503723145e+00
6.044194221496582031e+00
2.658754587173461914e+00
3.653725624084472656e+00
9.309514045715332031e+00
9.111964702606201172e-01
5.838485240936279297e+00
7.812008857727050781e+00
2.090376853942871094e+00
1.378909349441528320e+00
9.098852157592773438e+00
5.308876991271972656e+00
4.664690494537353516e+00
1.790207028388977051e+00
8.643626213073730469e+00
6.712628364562988281e+00
4.842586040496826172e+00
4.636400341987609863e-01
8.543952941894531250e+00
1.942262053489685059e+00
2.326575756072998047e+00
1.896792650222778320e+00
1.379052162170410156e+00
5.966296672821044922e+00
3.861409187316894531e+00
5.198328495025634766e+00
7.385072231292724609e+00
4.187101364135742188e+00
9.002847671508789062e-01
9.904994010925292969e+00
4.052901744842529297e+00
9.882902145385742188e+00
7.455506801605224609e+00
1.823888421058654785e+00
2.290848791599273682e-01
5.275307655334472656e+00
5.573906421661376953e+00
2.486020326614379883e+00
9.131595611572265625e+00
8.907184600830078125e+00
2.103092908859252930e+00
5.742771625518798828e+00
8.659874916076660156e+00
8.466609954833984375e+00
8.334170341491699219e+00
2.001383304595947266e+00
4.233045101165771484e+00
7.840346813201904297e+00
9.487049102783203125e+00
6.065548896789550781e+00
1.613414138555526733e-01
7.547411441802978516e+00
7.294181823730468750e+00
7.484668731689453125e+00
7.526833534240722656e+00
8.827548980712890625e+00
5.884894371032714844e+00
1.962553024291992188e+00
4.538214206695556641e+00
8.480505943298339844e+00
5.161001682281494141e+00
6.581129550933837891e+00
2.483711481094360352e+00
4.245153903961181641e+00
5.637118816375732422e+00
5.398089408874511719e+00
4.678236007690429688e+00
6.533866882324218750e+00
9.586989402770996094e+00
5.759668350219726562e+00
9.294145584106445312e+00
9.227041244506835938e+00
2.804362297058105469e+00
1.686791300773620605e+00
4.248899936676025391e+00
8.473528861999511719e+00
9.116970062255859375e+00
3.173948287963867188e+00
4.095988273620605469e+00
7.837572097778320312e+00
8.752367973327636719e+00
8.019363403320312500e+00
2.406401157379150391e+00
4.790840625762939453e+00
9.112438201904296875e+00
1.188971042633056641e+00
1.970119595527648926e+00
6.321763992309570312e-01
6.737709999084472656e+00
3.815227746963500977e+00
9.290124893188476562e+00
8.377166748046875000e+00
2.984149456024169922e+00
9.644296646118164062e+00
8.330828547477722168e-01
6.133007049560546875e+00
2.453935861587524414e+00
3.826990127563476562e+00
9.670791625976562500e+00
8.109509468078613281e+00
5.866340637207031250e+00
5.156521320343017578e+00
1.492290496826171875e-01
2.505283117294311523e+00
8.374919891357421875e+00
3.724900484085083008e+00
5.558720111846923828e+00
9.039434432983398438e+00
6.630462646484375000e+00
8.189488410949707031e+00
6.668434143066406250e+00
7.620583534240722656e+00
4.229058265686035156e+00
7.186499595642089844e+00
9.032182693481445312e+00
9.431865692138671875e+00
4.719519615173339844e+00
7.294442653656005859e+00
3.484733104705810547e+00
8.151887655258178711e-01
8.547183990478515625e+00
9.534337043762207031e+00
1.063997298479080200e-01
7.800360202789306641e+00
5.393909931182861328e+00
9.418693542480468750e+00
5.097021907567977905e-02
4.261824607849121094e+00
1.718175292015075684e+00
2.547867298126220703e+00
4.800326347351074219e+00
9.988545417785644531e+00
3.276155948638916016e+00
1.622499704360961914e+00
6.515994071960449219e-01
4.941116333007812500e+00
6.042930603027343750e+00
7.491043210029602051e-01
8.418089747428894043e-01
5.421418190002441406e+00
3.456470727920532227e+00
9.665966987609863281e+00
5.462179660797119141e+00
9.966358184814453125e+00
9.690870285034179688e+00
6.464962005615234375e+00
1.602311611175537109e+00
6.208882331848144531e-01
6.804753303527832031e+00
8.758131980895996094e+00
3.017481803894042969e+00
4.080387592315673828e+00
9.518166542053222656e+00
8.407341957092285156e+00
8.872955322265625000e+00
6.695587635040283203e+00
6.843358039855957031e+00
8.882014751434326172e-01
9.907955169677734375e+00
5.577841281890869141e+00
7.132130622863769531e+00
2.651794910430908203e+00
9.231077432632446289e-01
2.377897500991821289e-01
7.301164150238037109e+00
8.776436805725097656e+00
9.825966835021972656e+00
2.727737665176391602e+00
1.140791416168212891e+00
7.335824012756347656e+00
1.861368417739868164e+00
5.782573223114013672e+00
6.286167621612548828e+00
6.539615243673324585e-02
6.452844142913818359e+00
8.478534698486328125e+00
2.201100349426269531e+00
7.871704101562500000e+00
4.636361122131347656e+00
2.271197080612182617e+00
1.678160429000854492e+00
1.005311489105224609e+00
3.093289852142333984e+00
5.434088230133056641e+00
5.405578136444091797e+00
2.550683975219726562e+00
5.228765010833740234e+00
5.793651580810546875e+00
6.757961511611938477e-01
2.583365917205810547e+00
6.632580757141113281e+00
9.259545326232910156e+00
2.761149644851684570e+00
1.125244855880737305e+00
7.781358242034912109e+00
6.202659130096435547e+00
6.349624633789062500e+00
2.522685766220092773e+00
4.987781524658203125e+00
1.490674138069152832e+00
8.341750144958496094e+00
8.252011299133300781e+00
2.103444814682006836e+00
6.885762691497802734e+00
4.704833030700683594e+00
1.877217888832092285e+00
8.731119155883789062e+00
2.333776473999023438e+00
8.101617813110351562e+00
9.166337013244628906e+00
7.668210029602050781e+00
4.743499755859375000e+00
5.374203681945800781e+00
2.424249172210693359e+00
4.368920326232910156e+00
4.640979290008544922e+00
5.356769561767578125e-01
3.180179357528686523e+00
3.003050327301025391e+00
2.834325790405273438e+00
4.699635505676269531e+00
3.453368902206420898e+00
7.445161342620849609e+00
9.802900314331054688e+00
6.941565513610839844e+00
5.100216269493103027e-01
4.465952813625335693e-01
9.533309936523437500e+00
5.603645324707031250e+00
2.344811439514160156e+00
5.503996610641479492e-01
1.073919892311096191e+00
3.470251560211181641e-01
3.380129814147949219e+00
9.725955963134765625e+00
9.409454345703125000e+00
3.744443655014038086e+00
6.446020603179931641e+00
9.128766059875488281e+00
6.225461006164550781e+00
9.279745101928710938e+00
9.986565589904785156e+00
3.701713085174560547e+00
4.884194374084472656e+00
9.626075625419616699e-02
2.713528156280517578e+00
6.462824821472167969e+00
6.106791496276855469e+00
8.419796943664550781e+00
5.089886665344238281e+00
7.345330238342285156e+00
9.668493270874023438e+00
2.329432725906372070e+00
5.267204716801643372e-02
3.496845722198486328e+00
4.976562500000000000e+00
7.734107971191406250e+00
8.412657737731933594e+00
9.866500854492187500e+00
7.312310218811035156e+00
6.826250076293945312e+00
3.291644811630249023e+00
8.149422645568847656e+00
4.817532062530517578e+00
2.052434921264648438e+00
6.910002231597900391e+00
2.561613321304321289e+00
6.978761672973632812e+00
5.995213985443115234e+00
1.966275095939636230e+00
9.719979286193847656e+00
8.396202087402343750e+00
3.777699232101440430e+00
9.864967346191406250e+00
8.058053970336914062e+00
2.497349977493286133e+00
6.635189056396484375e+00
4.161244392395019531e+00
3.215129375457763672e+00
7.317421436309814453e+00
8.334645032882690430e-01
9.319169998168945312e+00
7.989364147186279297e+00
2.412136077880859375e+00
6.859818458557128906e+00
5.792066574096679688e+00
2.444462299346923828e+00
8.312998771667480469e+00
3.576308488845825195e+00
3.598084688186645508e+00
1.134387373924255371e+00
7.982056140899658203e+00
7.152326107025146484e+00
2.442214012145996094e+00
8.910657882690429688e+00
8.438174247741699219e+00
6.746323585510253906e+00
7.738786220550537109e+00
1.788480043411254883e+00
4.405874252319335938e+00
9.132493972778320312e+00
5.139148831367492676e-01
4.023341178894042969e+00
6.642238616943359375e+00
3.921477556228637695e+00
1.526717185974121094e+00
8.097967147827148438e+00
5.063031196594238281e+00
7.647011280059814453e+00
8.315011024475097656e+00
1.217742085456848145e+00
4.184718132019042969e+00
2.247325897216796875e+00
3.719143629074096680e+00
4.748781204223632812e+00
2.174334287643432617e+00
9.577753067016601562e+00
6.206149578094482422e+00
2.423876523971557617e+00
1.833591938018798828e+00
3.812763452529907227e+00
9.321746826171875000e+00
4.819119453430175781e+00
6.511765003204345703e+00
6.963605880737304688e+00
4.271722316741943359e+00
4.659601211547851562e+00
7.006071090698242188e+00
9.130343437194824219e+00
6.628610610961914062e+00
4.588025093078613281e+00
1.408602744340896606e-01
4.335088253021240234e+00
2.021008968353271484e+00
4.592776775360107422e+00
3.014039039611816406e+00
4.775575399398803711e-01
5.601050853729248047e+00
6.938474178314208984e+00
5.713348388671875000e-01
2.682922840118408203e+00
6.679009437561035156e+00
4.834391593933105469e+00
9.855650901794433594e+00
1.455162286758422852e+00
3.965382814407348633e+00
7.259967803955078125e+00
1.425656825304031372e-01
7.629693984985351562e+00
3.980596542358398438e+00
6.956007957458496094e+00
8.576496124267578125e+00
2.224159479141235352e+00
9.602701187133789062e+00
3.506029844284057617e+00
5.198707103729248047e+00
3.089299678802490234e+00
5.216085433959960938e+00
2.546985074877738953e-02
2.045151710510253906e+00
2.731480836868286133e+00
5.722069263458251953e+00
2.284497737884521484e+00
4.681596279144287109e+00
1.342236876487731934e+00
8.693993568420410156e+00
7.791647434234619141e+00
4.504823207855224609e+00
