# x
0.000000000000000000e+00
0.000000000000000000e+00
0.000000000000000000e+00
0.000000000000000000e+00
0.000000000000000000e+00
1.000000000000000000e+01
5.668912887573242188e+00
6.811568260192871094e+00
3.908836245536804199e-01
4.196642398834228516e+00
2.728616237640380859e+00
3.888238966464996338e-01
9.491366386413574219e+00
6.517404556274414062e+00
3.228370666503906250e+00
4.592893123626708984e+00
5.848984718322753906e-01
4.868882179260253906e+00
4.902795314788818359e+00
8.956355094909667969e+00
7.089409351348876953e+00
1.652783155441284180e-01
7.979277610778808594e+00
6.944035530090332031e+00
8.392761230468750000e+00
6.950811386108398438e+00
2.836531639099121094e+00
2.228790283203125000e+00
5.498122692108154297e+00
7.756078720092773438e+00
4.177091598510742188e+00
2.604519128799438477e-01
9.969397544860839844e+00
3.450964689254760742e+00
6.813302993774414062e+00
8.385647773742675781e+00
4.349589943885803223e-01
1.700396776199340820e+00
8.614664077758789062e+00
8.646025657653808594e+00
7.335021018981933594e+00
6.774984359741210938e+00
8.143160343170166016e-01
6.788473129272460938e+00
8.916421890258789062e+00
9.058047294616699219e+00
4.179981708526611328e+00
4.975924968719482422e+00
3.289978265762329102e+00
1.838529586791992188e+00
4.770855307579040527e-01
3.163030147552490234e+00
5.627542495727539062e+00
5.995659828186035156e+00
7.161939144134521484e+00
2.402449131011962891e+00
5.843924999237060547e+00
1.094800949096679688e+00
7.649636268615722656e+00
9.613249778747558594e+00
7.192584991455078125e+00
2.200770854949951172e+00
1.028992608189582825e-01
6.557913780212402344e+00
8.756288528442382812e+00
1.958051919937133789e+00
8.824324607849121094e+00
4.066701889038085938e+00
1.905914664268493652e+00
6.364490985870361328e-01
5.219373703002929688e+00
9.123493194580078125e+00
5.602310180664062500e+00
3.586579322814941406e+00
6.272152662277221680e-01
9.016629219055175781e+00
9.546660423278808594e+00
6.703819751739501953e+00
6.344294071197509766e+00
6.445874214172363281e+00
8.792612075805664062e+00
7.687097549438476562e+00
7.108386993408203125e+00
3.332832098007202148e+00
8.677483558654785156e+00
9.524413347244262695e-01
9.214038848876953125e+00
1.525573849678039551e+00
6.512834548950195312e+00
4.524248838424682617e-01
2.016669273376464844e+00
7.807397842407226562e+00
9.976342320442199707e-01
7.151433944702148438e+00
4.801354885101318359e+00
1.785508990287780762e-01
2.922426700592041016e+00
8.794114112854003906e+00
4.444872379302978516e+00
1.829689860343933105e+00
5.311394691467285156e+00
5.371735095977783203e+00
5.474683761596679688e+00
6.464457988739013672e+00
8.669547080993652344e+00
8.364824295043945312e+00
2.907312154769897461e+00
9.135972976684570312e+00
1.241449713706970215e+00
9.903094768524169922e-01
6.822929382324218750e+00
5.054575920104980469e+00
3.800342321395874023e+00
3.821333408355712891e+00
1.450556755065917969e+00
8.215640068054199219e+00
2.329578638076782227e+00
4.950181961059570312e+00
9.216663360595703125e+00
6.206345081329345703e+00
5.642855167388916016e+00
1.338904857635498047e+00
8.577438354492187500e+00
5.242211341857910156e+00
7.384461402893066406e+00
1.640546321868896484e+00
9.065998077392578125e+00
1.111210346221923828e+00
9.728561401367187500e+00
5.377478599548339844e+00
2.951659917831420898e+00
8.790067434310913086e-01
6.467372894287109375e+00
4.408054828643798828e+00
2.796301543712615967e-01
9.436680793762207031e+00
2.076765060424804688e+00
5.174391746520996094e+00
7.123637795448303223e-01
4.088719367980957031e+00
9.820762634277343750e+00
9.160549163818359375e+00
3.860922336578369141e+00
1.472664952278137207e+00
3.863746523857116699e-01
2.464738368988037109e+00
8.739117622375488281e+00
7.131249904632568359e+00
9.386979103088378906e+00
1.158838391304016113e+00
3.826992213726043701e-01
7.873925685882568359e+00
4.529685020446777344e+00
3.868148803710937500e+00
7.616989612579345703e+00
8.740702629089355469e+00
3.141862154006958008e+00
8.431687951087951660e-01
2.983325719833374023e+00
8.661888539791107178e-02
8.292748451232910156e+00
8.956865310668945312e+00
5.411960601806640625e+00
5.564604282379150391e+00
5.471541881561279297e-01
4.580508232116699219e+00
4.372117042541503906e+00
7.579867362976074219e+00
2.499710321426391602e+00
6.117621421813964844e+00
3.291431903839111328e+00
5.534713268280029297e+00
2.055604934692382812e+00
8.689422607421875000e+00
3.739295959472656250e+00
4.150885581970214844e+00
5.803720474243164062e+00
3.008430242538452148e+00
2.382256984710693359e+00
7.436063766479492188e+00
6.324345588684082031e+00
9.712072372436523438e+00
3.506336688995361328e+00
5.238611221313476562e+00
6.853106021881103516e+00
8.398941040039062500e+00
6.400664329528808594e+00
9.660488128662109375e+00
8.749601840972900391e-01
1.719506978988647461e+00
9.947813034057617188e+00
5.356142997741699219e+00
3.040560245513916016e+00
7.781176090240478516e+00
3.141914606094360352e+00
3.539111375808715820e+00
1.933555841445922852e+00
6.426425933837890625e+00
3.681125402450561523e+00
9.488250732421875000e+00
4.333448410034179688e+00
2.621870517730712891e+00
9.749332427978515625e+00
9.499775886535644531e+00
4.231925964355468750e+00
8.057726860046386719e+00
9.135537743568420410e-01
8.574736595153808594e+00
1.983652114868164062e+00
7.135742187500000000e+00
6.043247699737548828e+00
1.517037034034729004e+00
7.097534179687500000e+00
9.294377326965332031e+00
3.040962457656860352e+00
5.140238404273986816e-01
2.969910621643066406e+00
7.693471431732177734e+00
3.525934696197509766e+00
3.407918930053710938e+00
6.643720865249633789e-01
9.765914916992187500e+00
1.612765073776245117e+00
4.388035774230957031e+00
4.981144905090332031e+00
4.346188545227050781e+00
2.582461833953857422e+00
6.087096214294433594e+00
2.941421568393707275e-01
4.317925930023193359e+00
8.019804000854492188e+00
1.323698163032531738e+00
7.187289237976074219e+00
6.116505146026611328e+00
7.584713935852050781e+00
8.403198242187500000e+00
9.687662124633789062e+00
1.458482980728149414e+00
8.246448516845703125e+00
8.277426958084106445e-01
9.462271690368652344e+00
7.952861785888671875e+00
5.483426570892333984e+00
7.699339866638183594e+00
4.502649903297424316e-01
2.090905666351318359e+00
2.975754976272583008e+00
8.411853790283203125e+00
4.023178577423095703e+00
9.962533712387084961e-01
7.332228422164916992e-01
6.164815902709960938e+00
5.902824878692626953e+00
7.731762409210205078e+00
6.726777076721191406e+00
4.142755031585693359e+00
5.355331420898437500e+00
4.836971759796142578e+00
7.082618713378906250e+00
1.953407764434814453e+00
1.813583135604858398e+00
8.691255569458007812e+00
7.151660442352294922e+00
9.142801284790039062e+00
2.486475944519042969e+00
5.714874267578125000e+00
4.322200775146484375e+00
3.553468942642211914e+00
2.200005292892456055e+00
6.387251853942871094e+00
2.632326841354370117e+00
1.652450799942016602e+00
8.790673255920410156e+00
2.628646790981292725e-01
8.396949768066406250e+00
9.999715805053710938e+00
4.030907630920410156e+00
9.945728302001953125e+00
3.431040048599243164e+00
4.230638742446899414e-01
2.322259426116943359e+00
5.082240104675292969e+00
4.767442703247070312e+00
7.112747192382812500e+00
3.482664823532104492e+00
8.314522743225097656e+00
6.336069107055664062e+00
4.043066978454589844e+00
4.550201296806335449e-01
2.846064329147338867e+00
9.799865722656250000e+00
3.221764087677001953e+00
1.302265822887420654e-01
1.542877078056335449e+00
1.463715553283691406e+00
2.505145549774169922e+00
2.472757101058959961e+00
7.683451175689697266e+00
1.892895847558975220e-01
9.652555465698242188e+00
4.695154190063476562e+00
7.019900798797607422e+00
3.984557151794433594e+00
5.908324241638183594e+00
1.333855092525482178e-02
2.328509807586669922e+00
3.227891445159912109e+00
6.949100971221923828e+00
9.554048538208007812e+00
4.707234382629394531e+00
5.322683334350585938e+00
8.344060897827148438e+00
1.550400972366333008e+00
3.081843376159667969e+00
8.390552997589111328e-01
7.627050399780273438e+00
6.893846988677978516e+00
7.287047386169433594e+00
4.306030750274658203e+00
5.904566764831542969e+00
7.899484634399414062e+00
2.792414426803588867e+00
8.087261199951171875e+00
1.611817121505737305e+00
7.799085617065429688e+00
1.330171585083007812e+00
9.239651679992675781e+00
5.437304973602294922e+00
7.573597908020019531e+00
5.734826087951660156e+00
8.497396469116210938e+00
2.783871293067932129e-01
5.645458221435546875e+00
9.712638854980468750e+00
7.845862388610839844e+00
7.548189640045166016e+00
1.727866172790527344e+00
7.761991500854492188e+00
4.259895324707031250e+00
8.658572196960449219e+00
3.187294006347656250e+00
3.987898588180541992e+00
1.544767618179321289e+00
6.001540184020996094e+00
1.686145663261413574e-01
4.246230602264404297e+00
3.020804405212402344e+00
2.546388804912567139e-01
7.082014083862304688e+00
7.156134128570556641e+00
1.228760033845901489e-01
4.994604587554931641e-01
3.405750036239624023e+00
8.136370658874511719e+00
6.785443425178527832e-01
6.375280380249023438e+00
8.962610244750976562e+00
9.215172767639160156e+00
7.421401739120483398e-01
5.519124984741210938e+00
3.121509552001953125e+00
3.411509513854980469e+00
8.582214355468750000e+00
7.030932426452636719e+00
8.970010757446289062e+00
1.610988527536392212e-01
2.857180833816528320e-01
6.756988525390625000e+00
3.457958936691284180e+00
8.204196929931640625e+00
1.096238493919372559e+00
4.513138771057128906e+00
6.598191738128662109e+00
6.791244029998779297e+00
2.237537860870361328e+00
8.797458648681640625e+00
6.539509296417236328e+00
5.943876266479492188e+00
8.183379173278808594e+00
7.268763065338134766e+00
9.289063453674316406e+00
1.441238045692443848e+00
2.263231754302978516e+00
3.505942583084106445e+00
7.327864646911621094e+00
9.384202957153320312e-01
8.979627609252929688e+00
7.645078659057617188e+00
4.877027511596679688e+00
7.856483936309814453e+00
8.279572486877441406e+00
2.612769842147827148e+00
9.850910186767578125e+00
9.151464462280273438e+00
3.808803081512451172e+00
3.437216043472290039e+00
2.531313419342041016e+00
1.405027389526367188e+00
6.281266212463378906e+00
4.285583019256591797e+00
8.727640151977539062e+00
4.279877662658691406e+00
2.355874061584472656e+00
3.360779285430908203e+00
7.656065940856933594e+00
2.578402757644653320e+00
9.315134048461914062e+00
4.399985313415527344e+00
3.669800758361816406e+00
8.014748573303222656e+00
9.293998718261718750e+00
3.952082633972167969e+00
2.491698503494262695e+00
4.907823085784912109e+00
1.499539613723754883e+00
3.721435070037841797e+00
4.654205799102783203e+00
7.039362192153930664e-02
2.393671751022338867e+00
2.771852493286132812e+00
8.177190780639648438e+00
3.330265283584594727e+00
4.956350803375244141e+00
8.632122039794921875e+00
5.381649971008300781e+00
9.387042045593261719e+00
5.258548259735107422e-01
7.346115112304687500e+00
1.723939418792724609e+00
4.190722465515136719e+00
8.503549098968505859e-01
4.606333732604980469e+00
7.814593315124511719e+00
4.703821182250976562e+00
4.895596981048583984e+00
3.082799911499023438e+00
3.803846597671508789e+00
8.406982421875000000e+00
6.284667968750000000e+00
9.464649200439453125e+00
2.150505065917968750e+00
8.170270919799804688e+00
8.421329498291015625e+00
3.122443199157714844e+00
1.273444294929504395e+00
4.295952320098876953e+00
1.360228538513183594e+00
8.510495185852050781e+00
5.819170951843261719e+00
7.877758026123046875e+00
2.440555334091186523e+00
4.231987476348876953e+00
3.754851341247558594e+00
6.958463191986083984e+00
4.068362712860107422e+00
7.247645854949951172e-01
4.544220924377441406e+00
1.758419394493103027e+00
3.910047054290771484e+00
4.841231822967529297e+00
3.880531340837478638e-02
3.519783258438110352e+00
3.565758168697357178e-01
4.256640434265136719e+00
6.892726421356201172e-01
4.546682834625244141e+00
6.644570827484130859e+00
5.932426452636718750e+00
3.151320457458496094e+00
6.293684959411621094e+00
9.398015975952148438e+00
2.706848621368408203e+00
1.667412281036376953e+00
7.624674797058105469e+00
1.717935800552368164e+00
4.280786037445068359e+00
2.375340938568115234e+00
3.009891510009765625e+00
1.293605327606201172e+00
1.730179786682128906e+00
6.604451656341552734e+00
8.501153945922851562e+00
4.709114551544189453e+00
6.744210243225097656e+00
7.982310771942138672e+00
8.731781959533691406e+00
9.128045082092285156e+00
4.517260551452636719e+00
4.462406158447265625e+00
5.300343036651611328e+00
4.848062992095947266e+00
9.676495552062988281e+00
3.670977354049682617e+00
8.096152305603027344e+00
9.272473335266113281e+00
8.771792411804199219e+00
1.186431407928466797e+00
4.449208259582519531e+00
4.065641403198242188e+00
9.508834838867187500e+00
7.240335941314697266e+00
5.973906040191650391e+00
7.460005760192871094e+00
8.009076118469238281e+00
4.927039623260498047e+00
4.905341148376464844e+00
