# x
0.000000000000000000e+00
0.000000000000000000e+00
0.000000000000000000e+00
0.000000000000000000e+00
0.000000000000000000e+00
0.000000000000000000e+00
0.000000000000000000e+00
0.000000000000000000e+00
0.000000000000000000e+00
0.000000000000000000e+00
0.000000000000000000e+00
0.000000000000000000e+00
0.000000000000000000e+00
0.000000000000000000e+00
0.000000000000000000e+00
0.000000000000000000e+00
0.000000000000000000e+00
0.000000000000000000e+00
0.000000000000000000e+00
0.000000000000000000e+00
0.000000000000000000e+00
0.000000000000000000e+00
0.000000000000000000e+00
0.000000000000000000e+00
0.000000000000000000e+00
0.000000000000000000e+00
0.000000000000000000e+00
0.000000000000000000e+00
0.000000000000000000e+00
0.000000000000000000e+00
0.000000000000000000e+00
0.000000000000000000e+00
0.000000000000000000e+00
0.000000000000000000e+00
0.000000000000000000e+00
0.000000000000000000e+00
0.000000000000000000e+00
0.000000000000000000e+00
0.000000000000000000e+00
0.000000000000000000e+00
0.000000000000000000e+00
0.000000000000000000e+00
0.000000000000000000e+00
0.000000000000000000e+00
0.000000000000000000e+00
0.000000000000000000e+00
0.000000000000000000e+00
0.000000000000000000e+00
1.000000000000000000e+01
1.000000000000000000e+01
1.000000000000000000e+01
1.000000000000000000e+01
1.000000000000000000e+01
1.000000000000000000e+01
0.000000000000000000e+00
0.000000000000000000e+00
1.000000000000000000e+01
0.000000000000000000e+00
0.000000000000000000e+00
1.000000000000000000e+01
0.000000000000000000e+00
0.000000000000000000e+00
0.000000000000000000e+00
0.000000000000000000e+00
0.000000000000000000e+00
0.000000000000000000e+00
0.000000000000000000e+00
0.000000000000000000e+00
3.469250440597534180e+00
7.762315273284912109e+00
4.908560276031494141e+00
3.528555870056152344e+00
3.278204202651977539e+00
3.326433300971984863e-01
2.934931278228759766e+00
7.687364101409912109e+00
4.668561458587646484e+00
5.548426628112792969e+00
1.774720907211303711e+00
5.297056198120117188e+00
9.798926353454589844e+00
3.620934963226318359e+00
4.518610000610351562e+00
6.649213790893554688e+00
7.937383651733398438e-01
2.128982782363891602e+00
3.373107671737670898e+00
3.332209348678588867e+00
3.226844787597656250e+00
1.203314304351806641e+00
9.999013900756835938e+00
7.829014062881469727e-01
7.853107929229736328e+00
5.405428886413574219e+00
7.373949050903320312e+00
4.980356216430664062e+00
8.373555183410644531e+00
9.650217056274414062e+00
9.408466339111328125e+00
2.310310363769531250e+00
6.400802612304687500e+00
2.664065122604370117e+00
2.519134283065795898e+00
6.153822422027587891e+00
1.700910091400146484e+00
7.653312683105468750e+00
2.224261522293090820e+00
3.455711603164672852e+00
7.400214672088623047e-01
6.495213985443115234e+00
1.140377879142761230e+00
4.210585951805114746e-01
1.325108766555786133e+00
2.122874021530151367e+00
3.075325250625610352e+00
2.723520278930664062e+00
1.564404070377349854e-01
8.163235664367675781e+00
7.599452018737792969e+00
2.154467344284057617e+00
1.197906494140625000e+00
6.618571281433105469e+00
6.826784610748291016e-01
8.411695480346679688e+00
2.193979024887084961e+00
6.343163967132568359e+00
7.721099376678466797e+00
5.705833911895751953e+00
4.609293460845947266e+00
4.366960048675537109e+00
5.464648246765136719e+00
9.835681915283203125e+00
4.886941432952880859e+00
4.106108665466308594e+00
3.175489425659179688e+00
8.181948661804199219e+00
8.438296318054199219e+00
6.498647689819335938e+00
4.827743053436279297e+00
1.562583565711975098e+00
2.877851426601409912e-01
9.793013572692871094e+00
7.268149852752685547e-01
9.936742782592773438e+00
7.360671997070312500e+00
2.505636215209960938e+00
6.629536628723144531e+00
3.717724800109863281e+00
1.594394922256469727e+00
6.641832351684570312e+00
2.688008308410644531e+00
4.790774345397949219e+00
9.308850288391113281e+00
2.712250232696533203e+00
9.092250823974609375e+00
5.805824279785156250e+00
6.656025886535644531e+00
9.435575485229492188e+00
2.665093243122100830e-01
7.319341659545898438e+00
4.160897731781005859e+00
1.785942792892456055e+00
7.642409801483154297e+00
7.326703548431396484e+00
6.646494865417480469e+00
8.453725814819335938e+00
5.682391166687011719e+00
2.541893482208251953e+00
8.573391914367675781e+00
8.700187683105468750e+00
1.951931118965148926e+00
8.056818246841430664e-01
3.902039051055908203e+00
6.413910865783691406e+00
3.704968929290771484e+00
8.651770591735839844e+00
6.856520652770996094e+00
9.353908300399780273e-01
1.627655923366546631e-01
8.978945732116699219e+00
9.667759895324707031e+00
6.930860996246337891e+00
4.224482059478759766e+00
1.930658698081970215e+00
3.522873401641845703e+00
3.450215101242065430e+00
9.337252616882324219e+00
5.793853759765625000e+00
2.698066234588623047e+00
9.638874053955078125e+00
6.159902572631835938e+00
7.503240585327148438e+00
8.238923072814941406e+00
5.701809883117675781e+00
8.668645858764648438e+00
1.444392204284667969e+00
3.979978263378143311e-01
3.649104386568069458e-02
6.687406301498413086e-01
2.936336040496826172e+00
5.957067489624023438e+00
1.336585044860839844e+00
8.180399894714355469e+00
1.464277029037475586e+00
2.291132450103759766e+00
2.911675214767456055e+00
4.178306579589843750e+00
2.943673372268676758e+00
1.068926334381103516e+00
7.334532260894775391e+00
3.158119678497314453e+00
2.584870338439941406e+00
9.817772865295410156e+00
1.746374607086181641e+00
1.538040637969970703e+00
7.152159214019775391e+00
9.304339289665222168e-01
3.506255149841308594e+00
8.631916999816894531e+00
7.729082584381103516e+00
2.325130701065063477e+00
3.607782840728759766e+00
7.572853565216064453e+00
7.146640777587890625e+00
6.140153408050537109e+00
6.211624145507812500e+00
3.002095699310302734e+00
3.877874612808227539e+00
2.932044982910156250e+00
3.758112192153930664e+00
5.734026908874511719e+00
1.128926515579223633e+00
6.232572078704833984e+00
3.060632228851318359e+00
9.572373390197753906e+00
1.473829269409179688e+00
6.581481933593750000e+00
9.528178215026855469e+00
3.978777170181274414e+00
7.658760547637939453e+00
2.298908710479736328e+00
9.521930694580078125e+00
3.140713691711425781e+00
7.941505908966064453e+00
5.834503173828125000e-01
9.680641174316406250e+00
6.634347438812255859e+00
1.548721313476562500e+00
2.092194080352783203e+00
8.380433082580566406e+00
4.605194091796875000e+00
4.387320995330810547e+00
2.175490558147430420e-01
3.162432909011840820e+00
7.293663501739501953e+00
6.458526849746704102e-01
1.810996532440185547e+00
4.070569276809692383e-01
1.752621531486511230e+00
1.946411371231079102e+00
9.209684371948242188e+00
2.193493843078613281e+00
4.557711601257324219e+00
6.813228607177734375e+00
7.465415954589843750e+00
3.305208206176757812e+00
3.386280536651611328e+00
1.341172456741333008e+00
1.464431166648864746e+00
5.770588397979736328e+00
5.770737648010253906e+00
5.465862274169921875e+00
4.032350540161132812e+00
7.506732463836669922e+00
7.040513038635253906e+00
7.365693092346191406e+00
5.000594139099121094e+00
6.348273754119873047e+00
2.907143592834472656e+00
4.532216072082519531e+00
8.673563957214355469e+00
7.233179092407226562e+00
4.737003147602081299e-01
7.618144750595092773e-01
9.867150306701660156e+00
3.909823894500732422e+00
2.589746475219726562e+00
6.371123790740966797e-01
2.557523012161254883e+00
6.602740764617919922e+00
9.022537231445312500e+00
4.170445919036865234e+00
8.530717849731445312e+00
7.119231224060058594e+00
9.707407951354980469e+00
1.188390731811523438e+00
5.156569004058837891e+00
1.727029681205749512e+00
2.970645189285278320e+00
3.202360153198242188e+00
4.450027465820312500e+00
9.103316068649291992e-02
5.056622505187988281e+00
1.263818025588989258e+00
9.207020759582519531e+00
9.198073387145996094e+00
3.907576799392700195e+00
3.301429986953735352e+00
6.127199172973632812e+00
6.769926071166992188e+00
8.692044615745544434e-01
8.473861694335937500e+00
9.029121398925781250e+00
3.721908569335937500e+00
7.569978237152099609e+00
3.649189472198486328e+00
4.858208179473876953e+00
9.484317153692245483e-02
1.548938035964965820e+00
2.107788562774658203e+00
7.692509651184082031e+00
2.119838237762451172e+00
2.900989294052124023e+00
7.468426227569580078e-01
3.436710834503173828e+00
7.724400520324707031e+00
6.874150753021240234e+00
9.162810325622558594e+00
3.808868885040283203e+00
4.246410369873046875e+00
7.728147029876708984e+00
2.974499225616455078e+00
7.254491806030273438e+00
5.438367843627929688e+00
3.638824939727783203e+00
7.129020690917968750e+00
2.306083202362060547e+00
6.573744773864746094e+00
4.294864177703857422e+00
2.042031884193420410e-01
8.656328201293945312e+00
5.421970486640930176e-01
1.901172995567321777e+00
4.218471527099609375e+00
5.271382808685302734e+00
7.737342834472656250e+00
3.545275926589965820e+00
5.612142086029052734e+00
2.004880905151367188e+00
7.006973624229431152e-01
8.473909378051757812e+00
4.537522792816162109e+00
4.294184684753417969e+00
6.420448303222656250e+00
6.936840057373046875e+00
9.967123031616210938e+00
5.496043205261230469e+00
1.651730775833129883e+00
5.159384727478027344e+00
8.023292541503906250e+00
9.792846679687500000e+00
1.480257362127304077e-01
5.730202198028564453e-01
5.926995277404785156e+00
1.472404956817626953e+00
1.116370558738708496e+00
9.549218177795410156e+00
5.609198570251464844e+00
8.537779808044433594e+00
2.423310041427612305e+00
3.678938150405883789e+00
8.302488327026367188e+00
9.012260437011718750e+00
5.276340246200561523e-01
5.315181612968444824e-01
7.363777637481689453e+00
5.177541255950927734e+00
2.997553348541259766e+00
8.544631004333496094e-01
4.106344223022460938e+00
9.162854194641113281e+00
7.627527415752410889e-02
7.633762836456298828e+00
6.194142818450927734e+00
9.047917366027832031e+00
2.420687437057495117e+00
7.555884361267089844e+00
7.484986305236816406e+00
5.691253662109375000e+00
4.065758705139160156e+00
9.058760643005371094e+00
8.612227439880371094e+00
2.807451725006103516e+00
2.045782089233398438e+00
5.353087902069091797e+00
2.599989175796508789e+00
2.206763029098510742e+00
1.644804596900939941e+00
3.645518064498901367e+00
2.727634668350219727e+00
2.207821130752563477e+00
2.769773006439208984e+00
1.069727063179016113e+00
8.372066497802734375e+00
5.386510848999023438e+00
1.685451865196228027e+00
4.035364151000976562e+00
5.617138862609863281e+00
8.632086753845214844e+00
8.339790344238281250e+00
5.977421283721923828e+00
8.298455238342285156e+00
7.109601974487304688e+00
6.027371406555175781e+00
8.274370193481445312e+00
3.275234222412109375e+00
2.718813419342041016e+00
2.202037811279296875e+00
9.954759597778320312e+00
7.322278618812561035e-01
1.258070230484008789e+00
6.998124122619628906e+00
7.521891593933105469e+00
6.088041782379150391e+00
7.068571567535400391e+00
7.676206588745117188e+00
6.171173572540283203e+00
4.213765859603881836e-01
6.471026420593261719e+00
7.930066585540771484e+00
6.939144611358642578e+00
7.893271446228027344e+00
1.785277366638183594e+00
9.380264282226562500e+00
7.319013595581054688e+00
6.031965732574462891e+00
5.467307567596435547e+00
4.415833950042724609e+00
5.068733692169189453e-01
2.883219718933105469e+00
6.781855583190917969e+00
7.987447261810302734e+00
1.115840792655944824e+00
5.705440044403076172e+00
2.282789707183837891e+00
6.518894433975219727e-01
3.236299991607666016e+00
4.500987052917480469e+00
8.215248107910156250e+00
1.226569056510925293e+00
6.698828220367431641e+00
4.577060222625732422e+00
9.877604246139526367e-01
7.180066108703613281e+00
2.616186141967773438e-01
5.296939849853515625e+00
8.980347633361816406e+00
8.244824409484863281e+00
2.080516576766967773e+00
6.616847515106201172e+00
4.910889625549316406e+00
2.563709259033203125e+00
3.681694030761718750e+00
5.462593078613281250e+00
8.847297668457031250e+00
7.850207805633544922e+00
6.636324882507324219e+00
1.001190304756164551e+00
8.695482015609741211e-01
5.664405822753906250e+00
9.992565155029296875e+00
8.411598205566406250e+00
1.211013555526733398e+00
2.319281816482543945e+00
9.102609634399414062e+00
9.027326583862304688e+00
8.571664810180664062e+00
8.014209747314453125e+00
2.874680995941162109e+00
9.497441351413726807e-02
7.757257938385009766e+00
3.911026716232299805e+00
5.709095001220703125e+00
6.068711280822753906e+00
6.148571014404296875e+00
1.484718918800354004e+00
7.126780509948730469e+00
2.494067847728729248e-01
8.200119018554687500e+00
2.947902917861938477e+00
5.724742889404296875e+00
4.476754665374755859e+00
4.244899272918701172e+00
6.852057456970214844e+00
5.547389030456542969e+00
3.340273380279541016e+00
5.279456138610839844e+00
6.422424316406250000e+00
2.823772907257080078e+00
3.857338190078735352e+00
8.482637405395507812e+00
8.813299179077148438e+00
5.256753444671630859e+00
4.460692882537841797e+00
9.149385452270507812e+00
2.905473411083221436e-01
7.328846454620361328e+00
2.659341335296630859e+00
7.897331237792968750e+00
2.744461536407470703e+00
1.864846944808959961e+00
6.583650588989257812e+00
1.205018043518066406e+00
9.935601234436035156e+00
5.770296454429626465e-01
4.095100402832031250e+00
7.651705265045166016e+00
9.055470466613769531e+00
5.291876316070556641e+00
4.295064926147460938e+00
2.042105674743652344e+00
9.309029579162597656e+00
5.308509826660156250e+00
3.044894933700561523e+00
1.845910549163818359e+00
8.011948585510253906e+00
9.785088896751403809e-01
6.099029541015625000e+00
1.487078666687011719e+00
3.021439552307128906e+00
3.562306404113769531e+00
1.609827578067779541e-01
3.023673295974731445e+00
3.916249752044677734e+00
7.196310043334960938e+00
6.760566711425781250e+00
6.514871597290039062e+00
6.914970874786376953e+00
7.049192428588867188e+00
4.417857646942138672e+00
4.445477962493896484e+00
6.086921215057373047e+00
3.351536750793457031e+00
6.850246429443359375e+00
2.840956151485443115e-01
5.878941535949707031e+00
7.805586814880371094e+00
7.324792861938476562e+00
7.100388526916503906e+00
6.975672721862792969e+00
9.829105377197265625e+00
8.272579193115234375e+00
5.941884040832519531e+00
5.096032142639160156e+00
5.838236808776855469e+00
1.250264763832092285e+00
2.912091970443725586e+00
7.285819053649902344e-01
3.295838832855224609e+00
8.797126770019531250e+00
3.032514810562133789e+00
5.524769783020019531e+00
7.476878643035888672e+00
4.126387596130371094e+00
9.605866432189941406e+00
4.221824645996093750e+00
9.196823120117187500e+00
3.481295585632324219e+00
