# x y Potential(numerical) Potential(analytical)
   0.00000    0.00000       0.0000000       0.0000000
   0.00000    0.04000       0.0000000       0.0000000
   0.00000    0.08000       0.0000000       0.0000000
   0.00000    0.12000       0.0000000       0.0000000
   0.00000    0.16000       0.0000000       0.0000000
   0.00000    0.20000       0.0000000       0.0000000
   0.00000    0.24000       0.0000000       0.0000000
   0.00000    0.28000       0.0000000       0.0000000
   0.00000    0.32000       0.0000000       0.0000000
   0.00000    0.36000       0.0000000       0.0000000
   0.00000    0.40000       0.0000000       0.0000000
   0.00000    0.44000       0.0000000       0.0000000
   0.00000    0.48000       0.0000000       0.0000000
   0.00000    0.52000       0.0000000       0.0000000
   0.00000    0.56000       0.0000000       0.0000000
   0.00000    0.60000       0.0000000       0.0000000
   0.00000    0.64000       0.0000000       0.0000000
   0.00000    0.68000       0.0000000       0.0000000
   0.00000    0.72000       0.0000000       0.0000000
   0.00000    0.76000       0.0000000       0.0000000
   0.00000    0.80000       0.0000000       0.0000000
   0.00000    0.84000       0.0000000       0.0000000
   0.00000    0.88000       0.0000000       0.0000000
   0.00000    0.92000       0.0000000       0.0000000
   0.00000    0.96000       0.0000000       0.0000000
   0.00000    1.00000       0.0000000       0.0000000

   0.04000    0.00000       0.0000000       0.0000000
   0.04000    0.04000       0.0000000       0.3501489
   0.04000    0.08000       0.0000000       0.7060860
   0.04000    0.12000       0.0000003       1.0737278
   0.04000    0.16000       0.0000022       1.4592550
   0.04000    0.20000       0.0000147       1.8692648
   0.04000    0.24000       0.0000805       2.3109498
   0.04000    0.28000       0.0003725       2.7923196
   0.04000    0.32000       0.0014838       3.3224840
   0.04000    0.36000       0.0051715       3.9120325
   0.04000    0.40000       0.0159928       4.5735547
   0.04000    0.44000       0.0444049       5.3223790
   0.04000    0.48000       0.1118423       6.1776504
   0.04000    0.52000       0.2578758       7.1639473
   0.04000    0.56000       0.5488330       8.3137820
   0.04000    0.60000       1.0865423       9.6715969
   0.04000    0.64000       2.0158400      11.3003982
   0.04000    0.68000       3.5310471      13.2932696
   0.04000    0.72000       5.8858492      15.7944629
   0.04000    0.76000       9.4198215      19.0406876
   0.04000    0.80000      14.6339901      23.4489805
   0.04000    0.84000      22.3971841      29.8248694
   0.04000    0.88000      34.5145592      39.9298041
   0.04000    0.92000      55.3968942      58.3366051
   0.04000    0.96000      97.4338255      99.6498511
   0.04000    1.00000     200.0000000     194.9363323

   0.08000    0.00000       0.0000000       0.0000000
   0.08000    0.04000       0.0000000       0.6945309
   0.08000    0.08000       0.0000001       1.4005110
   0.08000    0.12000       0.0000008       2.1296388
   0.08000    0.16000       0.0000063       2.8941255
   0.08000    0.20000       0.0000394       3.7069886
   0.08000    0.24000       0.0002053       4.5823959
   0.08000    0.28000       0.0009094       5.5360871
   0.08000    0.32000       0.0034892       6.5859115
   0.08000    0.36000       0.0117784       7.7525388
   0.08000    0.40000       0.0354402       9.0604289
   0.08000    0.44000       0.0961085      10.5391931
   0.08000    0.48000       0.2371827      12.2255584
   0.08000    0.52000       0.5372707      14.1662769
   0.08000    0.56000       1.1258593      16.4225528
   0.08000    0.60000       2.1984265      19.0769790
   0.08000    0.64000       4.0280575      22.2447569
   0.08000    0.68000       6.9730173      26.0925137
   0.08000    0.72000      11.4857563      30.8711951
   0.08000    0.76000      18.1394024      36.9763196
   0.08000    0.80000      27.7047638      45.0641620
   0.08000    0.84000      41.3386011      56.2871956
   0.08000    0.88000      60.9859557      72.7833879
   0.08000    0.92000      90.1151135      98.5994890
   0.08000    0.96000     134.5305445     140.2627780
   0.08000    1.00000     200.0000000     197.4421020

   0.12000    0.00000       0.0000000       0.0000000
   0.12000    0.04000       0.0000000       1.0275047
   0.12000    0.08000       0.0000002       2.0718728
   0.12000    0.12000       0.0000017       3.1503239
   0.12000    0.16000       0.0000124       4.2808093
   0.12000    0.20000       0.0000740       5.4824271
   0.12000    0.24000       0.0003690       6.7759050
   0.12000    0.28000       0.0015759       8.1841845
   0.12000    0.32000       0.0058611       9.7331572
   0.12000    0.36000       0.0192653      11.4526249
   0.12000    0.40000       0.0566519      13.3775898
   0.12000    0.44000       0.1506068      15.5500365
   0.12000    0.48000       0.3652873      18.0214559
   0.12000    0.52000       0.8149257      20.8565016
   0.12000    0.56000       1.6846090      24.1384109
   0.12000    0.60000       3.2489611      27.9772195
   0.12000    0.64000       5.8838662      32.5224962
   0.12000    0.68000      10.0688310      37.9835276
   0.12000    0.72000      16.3835442      44.6619742
   0.12000    0.76000      25.5107168      53.0054636
   0.12000    0.80000      38.2655331      63.6952095
   0.12000    0.84000      55.6733745      77.7815783
   0.12000    0.88000      79.0927615      96.8496761
   0.12000    0.92000     110.2693530     123.0151004
   0.12000    0.96000     150.8450444     157.9689634
   0.12000    1.00000     200.0000000     198.2712339

   0.16000    0.00000       0.0000000       0.0000000
   0.16000    0.04000       0.0000000       1.3436741
   0.16000    0.08000       0.0000003       2.7092725
   0.16000    0.12000       0.0000029       4.1191642
   0.16000    0.16000       0.0000203       5.5966294
   0.16000    0.20000       0.0001160       7.1663704
   0.16000    0.24000       0.0005590       8.8550982
   0.16000    0.28000       0.0023162      10.6922315
   0.16000    0.32000       0.0083958      12.7107615
   0.16000    0.36000       0.0269932      14.9483577
   0.16000    0.40000       0.0778724      17.4488227
   0.16000    0.44000       0.2035992      20.2640541
   0.16000    0.48000       0.4866415      23.4567499
   0.16000    0.52000       1.0716218      27.1042095
   0.16000    0.56000       2.1893276      31.3037614
   0.16000    0.60000       4.1765001      36.1806150
   0.16000    0.64000       7.4845380      41.8993204
   0.16000    0.68000      12.6725234      48.6805300
   0.16000    0.72000      20.3854990      56.8252347
   0.16000    0.76000      31.3256938      66.7484262
   0.16000    0.80000      46.2278703      79.0207949
   0.16000    0.84000      65.8425513      94.4033706
   0.16000    0.88000      90.9002839     113.8184482
   0.16000    0.92000     121.9586340     138.1094064
   0.16000    0.96000     158.9199422     167.3722015
   0.16000    1.00000     200.0000000     198.6787881

   0.20000    0.00000       0.0000000       0.0000000
   0.20000    0.04000       0.0000000       1.6379927
   0.20000    0.08000       0.0000005       3.3025294
   0.20000    0.12000       0.0000044       5.0206662
   0.20000    0.16000       0.0000294       6.8205053
   0.20000    0.20000       0.0001622       8.7317736
   0.20000    0.24000       0.0007590      10.7864749
   0.20000    0.28000       0.0030683      13.0196521
   0.20000    0.32000       0.0108895      15.4703079
   0.20000    0.36000       0.0343782      18.1825508
   0.20000    0.40000       0.0976222      21.2070598
   0.20000    0.44000       0.2517340      24.6029970
   0.20000    0.48000       0.5943988      28.4405527
   0.20000    0.52000       1.2946937      32.8043741
   0.20000    0.56000       2.6188125      37.7982229
   0.20000    0.60000       4.9492634      43.5513020
   0.20000    0.64000       8.7889274      50.2267573
   0.20000    0.68000      14.7435552      58.0327617
   0.20000    0.72000      23.4817940      67.2359781
   0.20000    0.76000      35.6783919      78.1752472
   0.20000    0.80000      51.9494371      91.2682264
   0.20000    0.84000      72.7830296     106.9923294
   0.20000    0.88000      98.4506133     125.8016973
   0.20000    0.92000     128.8563780     147.9263200
   0.20000    0.96000     163.2720228     173.0437620
   0.20000    1.00000     200.0000000     198.9170473

   0.24000    0.00000       0.0000000       0.0000000
   0.24000    0.04000       0.0000001       1.9058522
   0.24000    0.08000       0.0000007       3.8423593
   0.24000    0.12000       0.0000060       5.8407346
   0.24000    0.16000       0.0000388       7.9333285
   0.24000    0.20000       0.0002086      10.1542460
   0.24000    0.24000       0.0009533      12.5400295
   0.24000    0.28000       0.0037773      15.1304364
   0.24000    0.32000       0.0131767      17.9693499
   0.24000    0.36000       0.0409860      21.1058746
   0.24000    0.40000       0.1148960      24.5956824
   0.24000    0.44000       0.2929537      28.5026975
   0.24000    0.48000       0.6848525      32.9012296
   0.24000    0.52000       1.4783784      37.8786908
   0.24000    0.56000       2.9658042      43.5390372
   0.24000    0.60000       5.5616161      50.0070429
   0.24000    0.64000       9.8016340      57.4333651
   0.24000    0.68000      16.3159213      65.9999542
   0.24000    0.72000      25.7738465      75.9244163
   0.24000    0.76000      38.8070447      87.4599705
   0.24000    0.80000      55.9209660     100.8840320
   0.24000    0.84000      77.4044876     116.4631471
   0.24000    0.88000     103.2390414     134.3778968
   0.24000    0.92000     133.0001450     154.5989252
   0.24000    0.96000     165.7531654     176.7425103
   0.24000    1.00000     200.0000000     199.0700891

   0.28000    0.00000       0.0000000       0.0000000
   0.28000    0.04000       0.0000001       2.1431495
   0.28000    0.08000       0.0000010       4.3205092
   0.28000    0.12000       0.0000076       6.5668752
   0.28000    0.16000       0.0000479       8.9182318
   0.28000    0.20000       0.0002519      11.4123845
   0.28000    0.24000       0.0011295      14.0896433
   0.28000    0.28000       0.0044036      16.9935773
   0.28000    0.32000       0.0151506      20.1718661
   0.28000    0.36000       0.0465681      23.6772783
   0.28000    0.40000       0.1292032      27.5688127
   0.28000    0.44000       0.3264688      31.9130443
   0.28000    0.48000       0.7571145      36.7857109
   0.28000    0.52000       1.6226271      42.2735683
   0.28000    0.56000       3.2336818      48.4764924
   0.28000    0.60000       6.0261437      55.5097027
   0.28000    0.64000      10.5557947      63.5057536
   0.28000    0.68000      17.4635844      72.6154968
   0.28000    0.72000      27.4098364      83.0064227
   0.28000    0.76000      40.9843563      94.8555041
   0.28000    0.80000      58.6061888     108.3319854
   0.28000    0.84000      80.4286806     123.5643020
   0.28000    0.88000     106.2621975     140.5869661
   0.28000    0.92000     135.5226614     159.2722086
   0.28000    0.96000     167.2176969     179.2700680
   0.28000    1.00000     200.0000000     199.1738207

   0.32000    0.00000       0.0000000       0.0000000
   0.32000    0.04000       0.0000001       2.3463341
   0.32000    0.08000       0.0000012       4.7298498
   0.32000    0.12000       0.0000091       7.1883273
   0.32000    0.16000       0.0000561       9.7607544
   0.32000    0.20000       0.0002897      12.4879574
   0.32000    0.24000       0.0012798      15.4132634
   0.32000    0.28000       0.0049262      18.5832071
   0.32000    0.32000       0.0167650      22.0482919
   0.32000    0.36000       0.0510497      25.8638153
   0.32000    0.40000       0.1404938      30.0907655
   0.32000    0.44000       0.3524917      34.7967852
   0.32000    0.48000       0.8123563      40.0571838
   0.32000    0.52000       1.7312352      45.9559406
   0.32000    0.56000       3.4323248      52.5865752
   0.32000    0.60000       6.3652729      60.0526382
   0.32000    0.64000      11.0974069      68.4673666
   0.32000    0.68000      18.2733863      77.9517081
   0.32000    0.72000      28.5421663      88.6294300
   0.32000    0.76000      42.4596509     100.6174325
   0.32000    0.80000      60.3835462     114.0089730
   0.32000    0.84000      82.3804199     128.8479541
   0.32000    0.88000     108.1629445     145.0949879
   0.32000    0.92000     137.0701545     162.5917251
   0.32000    0.96000     168.0996649     181.0379123
   0.32000    1.00000     200.0000000     199.2460381

   0.36000    0.00000       0.0000000       0.0000000
   0.36000    0.04000       0.0000001       2.5124365
   0.36000    0.08000       0.0000014       5.0644293
   0.36000    0.12000       0.0000104       7.6961352
   0.36000    0.16000       0.0000631      10.4489169
   0.36000    0.20000       0.0003210      13.3659605
   0.36000    0.24000       0.0014013      16.4929055
   0.36000    0.28000       0.0053409      19.8784928
   0.36000    0.32000       0.0180235      23.5752253
   0.36000    0.36000       0.0544875      27.6400334
   0.36000    0.40000       0.1490253      32.1349266
   0.36000    0.44000       0.3718777      37.1275952
   0.36000    0.48000       0.8529501      42.6918979
   0.36000    0.52000       1.8099809      48.9081286
   0.36000    0.56000       3.5744274      55.8628868
   0.36000    0.60000       6.6045622      63.6482714
   0.36000    0.64000      11.4741217      72.3599666
   0.36000    0.68000      18.8281205      82.0935928
   0.36000    0.72000      29.3052573      92.9384753
   0.36000    0.76000      43.4365340     104.9678548
   0.36000    0.80000      61.5386031     118.2247314
   0.36000    0.84000      83.6244265     132.7034049
   0.36000    0.88000     109.3516429     148.3287437
   0.36000    0.92000     138.0219629     164.9382750
   0.36000    0.96000     168.6360671     182.2751328
   0.36000    1.00000     200.0000000     199.2964437

   0.40000    0.00000       0.0000000       0.0000000
   0.40000    0.04000       0.0000002       2.6390824
   0.40000    0.08000       0.0000016       5.3194965
   0.40000    0.12000       0.0000114       8.0831705
   0.40000    0.16000       0.0000686      10.9732263
   0.40000    0.20000       0.0003455      14.0345784
   0.40000    0.24000       0.0014950      17.3145320
   0.40000    0.28000       0.0056552      20.8633717
   0.40000    0.32000       0.0189630      24.7349311
   0.40000    0.36000       0.0570181      28.9871159
   0.40000    0.40000       0.1552239      33.6823460
   0.40000    0.44000       0.3857887      38.8878542
   0.40000    0.48000       0.8817327      44.6757530
   0.40000    0.52000       1.8651626      51.1227353
   0.40000    0.56000       3.6728435      58.3092167
   0.40000    0.60000       6.7683118      66.3176540
   0.40000    0.64000      11.7287243      75.2296862
   0.40000    0.68000      19.1981602      85.1216652
   0.40000    0.72000      29.8072826      96.0581128
   0.40000    0.76000      44.0699084     108.0827427
   0.40000    0.80000      62.2762903     121.2070598
   0.40000    0.84000      84.4070612     135.3973360
   0.40000    0.88000     110.0890610     150.5620202
   0.40000    0.92000     138.6056645     166.5430955
   0.40000    0.96000     168.9627276     183.1157661
   0.40000    1.00000     200.0000000     199.3306386

   0.44000    0.00000       0.0000000       0.0000000
   0.44000    0.04000       0.0000002       2.7244959
   0.44000    0.08000       0.0000017       5.4915029
   0.44000    0.12000       0.0000123       8.3441229
   0.44000    0.16000       0.0000728      11.3266377
   0.44000    0.20000       0.0003639      14.4850923
   0.44000    0.24000       0.0015641      17.8678648
   0.44000    0.28000       0.0058837      21.5262119
   0.44000    0.32000       0.0196373      25.5147674
   0.44000    0.36000       0.0588125      29.8919616
   0.44000    0.40000       0.1595692      34.7203105
   0.44000    0.44000       0.3954360      40.0665011
   0.44000    0.48000       0.9014867      46.0011677
   0.44000    0.52000       1.9026489      52.5982154
   0.44000    0.56000       3.7390145      59.9334989
   0.44000    0.60000       6.8772474      68.0826185
   0.44000    0.64000      11.8962232      77.1175564
   0.44000    0.68000      19.4387451      87.1018722
   0.44000    0.72000      30.1296278      98.0842514
   0.44000    0.76000      44.4713278     110.0904005
   0.44000    0.80000      62.7376828     123.1136878
   0.44000    0.84000      84.8903357     137.1055467
   0.44000    0.88000     110.5391987     151.9674297
   0.44000    0.92000     138.9587593     167.5467513
   0.44000    0.96000     169.1593041     183.6393431
   0.44000    1.00000     200.0000000     199.3519180

   0.48000    0.00000       0.0000000       0.0000000
   0.48000    0.04000       0.0000002       2.7674970
   0.48000    0.08000       0.0000018       5.5780930
   0.48000    0.12000       0.0000129       8.4754745
   0.48000    0.16000       0.0000759      11.5044990
   0.48000    0.20000       0.0003771      14.7117692
   0.48000    0.24000       0.0016131      18.1461880
   0.48000    0.28000       0.0060438      21.8594798
   0.48000    0.32000       0.0201042      25.9066515
   0.48000    0.36000       0.0600419      30.3463563
   0.48000    0.40000       0.1625173      35.2411037
   0.48000    0.44000       0.4019201      40.6572346
   0.48000    0.48000       0.9146428      46.6645505
   0.48000    0.52000       1.9273829      53.3354495
   0.48000    0.56000       3.7822424      60.7433823
   0.48000    0.60000       6.9476327      68.9604079
   0.48000    0.64000      12.0031162      78.0536172
   0.48000    0.68000      19.5901698      88.0802242
   0.48000    0.72000      30.3294603      99.0812410
   0.48000    0.76000      44.7162102     111.0738916
   0.48000    0.80000      63.0145791     124.0433040
   0.48000    0.84000      85.1758135     137.9345416
   0.48000    0.88000     110.8013494     152.6465680
   0.48000    0.92000     139.1620518     168.0300718
   0.48000    0.96000     169.2716305     183.8909053
   0.48000    1.00000     200.0000000     199.3621376

   0.52000    0.00000       0.0000000       0.0000000
   0.52000    0.04000       0.0000002       2.7674970
   0.52000    0.08000       0.0000019       5.5780930
   0.52000    0.12000       0.0000133       8.4754745
   0.52000    0.16000       0.0000781      11.5044990
   0.52000    0.20000       0.0003863      14.7117692
   0.52000    0.24000       0.0016467      18.1461880
   0.52000    0.28000       0.0061521      21.8594798
   0.52000    0.32000       0.0204170      25.9066515
   0.52000    0.36000       0.0608581      30.3463563
   0.52000    0.40000       0.1644578      35.2411037
   0.52000    0.44000       0.4061515      40.6572346
   0.52000    0.48000       0.9231462      46.6645505
   0.52000    0.52000       1.9431831      53.3354495
   0.52000    0.56000       3.8094417      60.7433823
   0.52000    0.60000       6.9910625      68.9604079
   0.52000    0.64000      12.0674713      78.0536172
   0.52000    0.68000      19.6786652      88.0802242
   0.52000    0.72000      30.4422898      99.0812410
   0.52000    0.76000      44.8492871     111.0738916
   0.52000    0.80000      63.1590745     124.0433040
   0.52000    0.84000      85.3188264     137.9345416
   0.52000    0.88000     110.9276934     152.6465680
   0.52000    0.92000     139.2567692     168.0300718
   0.52000    0.96000     169.3226030     183.8909053
   0.52000    1.00000     200.0000000     199.3621376

   0.56000    0.00000       0.0000000       0.0000000
   0.56000    0.04000       0.0000002       2.7244959
   0.56000    0.08000       0.0000019       5.4915029
   0.56000    0.12000       0.0000136       8.3441229
   0.56000    0.16000       0.0000796      11.3266377
   0.56000    0.20000       0.0003924      14.4850923
   0.56000    0.24000       0.0016688      17.8678648
   0.56000    0.28000       0.0062230      21.5262119
   0.56000    0.32000       0.0206202      25.5147674
   0.56000    0.36000       0.0613841      29.8919616
   0.56000    0.40000       0.1656970      34.7203105
   0.56000    0.44000       0.4088193      40.0665011
   0.56000    0.48000       0.9284006      46.0011677
   0.56000    0.52000       1.9526423      52.5982154
   0.56000    0.56000       3.8249695      59.9334989
   0.56000    0.60000       7.0142184      68.0826185
   0.56000    0.64000      12.0986714      77.1175564
   0.56000    0.68000      19.7163333      87.1018722
   0.56000    0.72000      30.4824798      98.0842514
   0.56000    0.76000      44.8862473     110.0904005
   0.56000    0.80000      63.1868937     123.1136878
   0.56000    0.84000      85.3337159     137.1055467
   0.56000    0.88000     110.9298985     151.9674297
   0.56000    0.92000     139.2509684     167.5467513
   0.56000    0.96000     169.3162183     183.6393431
   0.56000    1.00000     200.0000000     199.3519180

   0.60000    0.00000       0.0000000       0.0000000
   0.60000    0.04000       0.0000002       2.6390824
   0.60000    0.08000       0.0000019       5.3194965
   0.60000    0.12000       0.0000138       8.0831705
   0.60000    0.16000       0.0000805      10.9732263
   0.60000    0.20000       0.0003963      14.0345784
   0.60000    0.24000       0.0016830      17.3145320
   0.60000    0.28000       0.0062682      20.8633717
   0.60000    0.32000       0.0207484      24.7349311
   0.60000    0.36000       0.0617118      28.9871159
   0.60000    0.40000       0.1664503      33.6823460
   0.60000    0.44000       0.4103641      38.8878542
   0.60000    0.48000       0.9311829      44.6757530
   0.60000    0.52000       1.9569096      51.1227353
   0.60000    0.56000       3.8301533      58.3092167
   0.60000    0.60000       7.0179908      66.3176540
   0.60000    0.64000      12.0959811      75.2296862
   0.60000    0.68000      19.6990616      85.1216652
   0.60000    0.72000      30.4405159      96.0581128
   0.60000    0.76000      44.8104965     108.0827427
   0.60000    0.80000      63.0739050     121.2070598
   0.60000    0.84000      85.1904500     135.3973360
   0.60000    0.88000     110.7762105     150.5620202
   0.60000    0.92000     139.1174224     166.5430955
   0.60000    0.96000     169.2364745     183.1157661
   0.60000    1.00000     200.0000000     199.3306386

   0.64000    0.00000       0.0000000       0.0000000
   0.64000    0.04000       0.0000002       2.5124365
   0.64000    0.08000       0.0000020       5.0644293
   0.64000    0.12000       0.0000139       7.6961352
   0.64000    0.16000       0.0000811      10.4489169
   0.64000    0.20000       0.0003988      13.3659605
   0.64000    0.24000       0.0016919      16.4929055
   0.64000    0.28000       0.0062960      19.8784928
   0.64000    0.32000       0.0208256      23.5752253
   0.64000    0.36000       0.0618972      27.6400334
   0.64000    0.40000       0.1668186      32.1349266
   0.64000    0.44000       0.4108966      37.1275952
   0.64000    0.48000       0.9314180      42.6918979
   0.64000    0.52000       1.9551701      48.9081286
   0.64000    0.56000       3.8222549      55.8628868
   0.64000    0.60000       6.9956416      63.6482714
   0.64000    0.64000      12.0455796      72.3599666
   0.64000    0.68000      19.6020820      82.0935928
   0.64000    0.72000      30.2767632      92.9384753
   0.64000    0.76000      44.5648659     104.9678548
   0.64000    0.80000      62.7457579     118.2247314
   0.64000    0.84000      84.8026515     132.7034049
   0.64000    0.88000     110.3791239     148.3287437
   0.64000    0.92000     138.7830854     164.9382750
   0.64000    0.96000     169.0412001     182.2751328
   0.64000    1.00000     200.0000000     199.2964437

   0.68000    0.00000       0.0000000       0.0000000
   0.68000    0.04000       0.0000002       2.3463341
   0.68000    0.08000       0.0000020       4.7298498
   0.68000    0.12000       0.0000140       7.1883273
   0.68000    0.16000       0.0000815       9.7607544
   0.68000    0.20000       0.0004003      12.4879574
   0.68000    0.24000       0.0016972      15.4132634
   0.68000    0.28000       0.0063117      18.5832071
   0.68000    0.32000       0.0208617      22.0482919
   0.68000    0.36000       0.0619424      25.8638153
   0.68000    0.40000       0.1667240      30.0907655
   0.68000    0.44000       0.4100142      34.7967852
   0.68000    0.48000       0.9277484      40.0571838
   0.68000    0.52000       1.9437707      45.9559406
   0.68000    0.56000       3.7928859      52.5865752
   0.68000    0.60000       6.9301759      60.0526382
   0.68000    0.64000      11.9164765      68.4673666
   0.68000    0.68000      19.3738953      77.9517081
   0.68000    0.72000      29.9126969      88.6294300
   0.68000    0.76000      44.0393140     100.6174325
   0.68000    0.80000      62.0613600     114.0089730
   0.68000    0.84000      84.0069451     128.8479541
   0.68000    0.88000     109.5724580     145.0949879
   0.68000    0.92000     138.1082188     162.5917251
   0.68000    0.96000     168.6492632     181.0379123
   0.68000    1.00000     200.0000000     199.2460381

   0.72000    0.00000       0.0000000       0.0000000
   0.72000    0.04000       0.0000002       2.1431495
   0.72000    0.08000       0.0000020       4.3205092
   0.72000    0.12000       0.0000141       6.5668752
   0.72000    0.16000       0.0000817       8.9182318
   0.72000    0.20000       0.0004012      11.4123845
   0.72000    0.24000       0.0016997      14.0896433
   0.72000    0.28000       0.0063148      16.9935773
   0.72000    0.32000       0.0208406      20.1718661
   0.72000    0.36000       0.0617524      23.6772783
   0.72000    0.40000       0.1657864      27.5688127
   0.72000    0.44000       0.4065109      31.9130443
   0.72000    0.48000       0.9169475      36.7857109
   0.72000    0.52000       1.9151745      42.2735683
   0.72000    0.56000       3.7263189      48.4764924
   0.72000    0.60000       6.7917860      55.5097027
   0.72000    0.64000      11.6567399      63.5057536
   0.72000    0.68000      18.9306391      72.6154968
   0.72000    0.72000      29.2222312      83.0064227
   0.72000    0.76000      43.0573662      94.8555041
   0.72000    0.80000      60.7921818     108.3319854
   0.72000    0.84000      82.5336484     123.5643020
   0.72000    0.88000     108.0749920     140.5869661
   0.72000    0.92000     136.8500807     159.2722086
   0.72000    0.96000     167.9167867     179.2700680
   0.72000    1.00000     200.0000000     199.1738207

   0.76000    0.00000       0.0000000       0.0000000
   0.76000    0.04000       0.0000002       1.9058522
   0.76000    0.08000       0.0000020       3.8423593
   0.76000    0.12000       0.0000141       5.8407346
   0.76000    0.16000       0.0000818       7.9333285
   0.76000    0.20000       0.0004014      10.1542460
   0.76000    0.24000       0.0016979      12.5400295
   0.76000    0.28000       0.0062924      15.1304364
   0.76000    0.32000       0.0206956      17.9693499
   0.76000    0.36000       0.0610643      21.1058746
   0.76000    0.40000       0.1631581      24.5956824
   0.76000    0.44000       0.3980562      28.5026975
   0.76000    0.48000       0.8933926      32.9012296
   0.76000    0.52000       1.8572252      37.8786908
   0.76000    0.56000       3.5986100      43.5390372
   0.76000    0.60000       6.5369275      50.0070429
   0.76000    0.64000      11.1924754      57.4333651
   0.76000    0.68000      18.1543975      65.9999542
   0.76000    0.72000      28.0276931      75.9244163
   0.76000    0.76000      41.3663665      87.4599705
   0.76000    0.80000      58.6015644     100.8840320
   0.76000    0.84000      79.9695562     116.4631471
   0.76000    0.88000     105.4352784     134.3778968
   0.76000    0.92000     134.5997495     154.5989252
   0.76000    0.96000     166.5914570     176.7425103
   0.76000    1.00000     200.0000000     199.0700891

   0.80000    0.00000       0.0000000       0.0000000
   0.80000    0.04000       0.0000002       1.6379927
   0.80000    0.08000       0.0000020       3.3025294
   0.80000    0.12000       0.0000141       5.0206662
   0.80000    0.16000       0.0000818       6.8205053
   0.80000    0.20000       0.0004000       8.7317736
   0.80000    0.24000       0.0016844      10.7864749
   0.80000    0.28000       0.0062065      13.0196521
   0.80000    0.32000       0.0202729      15.4703079
   0.80000    0.36000       0.0593656      18.1825508
   0.80000    0.40000       0.1573806      21.2070598
   0.80000    0.44000       0.3810102      24.6029970
   0.80000    0.48000       0.8489552      28.4405527
   0.80000    0.52000       1.7533957      32.8043741
   0.80000    0.56000       3.3786995      37.7982229
   0.80000    0.60000       6.1109329      43.5513020
   0.80000    0.64000      10.4325442      50.2267573
   0.80000    0.68000      16.8999745      58.0327617
   0.80000    0.72000      26.1068934      67.2359781
   0.80000    0.76000      38.6397910      78.1752472
   0.80000    0.80000      55.0323372      91.2682264
   0.80000    0.84000      75.7164961     106.9923294
   0.80000    0.88000     100.9492562     125.8016973
   0.80000    0.92000     130.6675347     147.9263200
   0.80000    0.96000     164.2169938     173.0437620
   0.80000    1.00000     200.0000000     198.9170473

   0.84000    0.00000       0.0000000       0.0000000
   0.84000    0.04000       0.0000002       1.3436741
   0.84000    0.08000       0.0000020       2.7092725
   0.84000    0.12000       0.0000141       4.1191642
   0.84000    0.16000       0.0000810       5.5966294
   0.84000    0.20000       0.0003933       7.1663704
   0.84000    0.24000       0.0016404       8.8550982
   0.84000    0.28000       0.0059774      10.6922315
   0.84000    0.32000       0.0192963      12.7107615
   0.84000    0.36000       0.0558419      14.9483577
   0.84000    0.40000       0.1463581      17.4488227
   0.84000    0.44000       0.3505711      20.2640541
   0.84000    0.48000       0.7736628      23.4567499
   0.84000    0.52000       1.5846033      27.1042095
   0.84000    0.56000       3.0324148      31.3037614
   0.84000    0.60000       5.4556518      36.1806150
   0.84000    0.64000       9.2815402      41.8993204
   0.84000    0.68000      15.0145669      48.6805300
   0.84000    0.72000      23.2190261      56.8252347
   0.84000    0.76000      34.5040207      66.7484262
   0.84000    0.80000      49.5191951      79.0207949
   0.84000    0.84000      68.9591351      94.4033706
   0.84000    0.88000      93.5430022     113.8184482
   0.84000    0.92000     123.8662902     138.1094064
   0.84000    0.96000     159.9114463     167.3722015
   0.84000    1.00000     200.0000000     198.6787881

   0.88000    0.00000       0.0000000       0.0000000
   0.88000    0.04000       0.0000002       1.0275047
   0.88000    0.08000       0.0000020       2.0718728
   0.88000    0.12000       0.0000137       3.1503239
   0.88000    0.16000       0.0000782       4.2808093
   0.88000    0.20000       0.0003730       5.4824271
   0.88000    0.24000       0.0015280       6.7759050
   0.88000    0.28000       0.0054687       8.1841845
   0.88000    0.32000       0.0173500       9.7331572
   0.88000    0.36000       0.0493944      11.4526249
   0.88000    0.40000       0.1275286      13.3775898
   0.88000    0.44000       0.3013741      15.5500365
   0.88000    0.48000       0.6572669      18.0214559
   0.88000    0.52000       1.3326967      20.8565016
   0.88000    0.56000       2.5294056      24.1384109
   0.88000    0.60000       4.5221438      27.9772195
   0.88000    0.64000       7.6614961      32.5224962
   0.88000    0.68000      12.3725594      37.9835276
   0.88000    0.72000      19.1562824      44.6619742
   0.88000    0.76000      28.6060541      53.0054636
   0.88000    0.80000      41.4568682      63.6952095
   0.88000    0.84000      58.6830499      77.7815783
   0.88000    0.88000      81.6352677      96.8496761
   0.88000    0.92000     112.0982882     123.0151004
   0.88000    0.96000     151.7925545     157.9689634
   0.88000    1.00000     200.0000000     198.2712339

   0.92000    0.00000       0.0000000       0.0000000
   0.92000    0.04000       0.0000002       0.6945309
   0.92000    0.08000       0.0000019       1.4005110
   0.92000    0.12000       0.0000126       2.1296388
   0.92000    0.16000       0.0000694       2.8941255
   0.92000    0.20000       0.0003220       3.7069886
   0.92000    0.24000       0.0012838       4.5823959
   0.92000    0.28000       0.0044808       5.5360871
   0.92000    0.32000       0.0138941       6.5859115
   0.92000    0.36000       0.0387503       7.7525388
   0.92000    0.40000       0.0982374       9.0604289
   0.92000    0.44000       0.2284707      10.5391931
   0.92000    0.48000       0.4914468      12.2255584
   0.92000    0.52000       0.9849325      14.1662769
   0.92000    0.56000       1.8516240      16.4225528
   0.92000    0.60000       3.2860248      19.0769790
   0.92000    0.64000       5.5388740      22.2447569
   0.92000    0.68000       8.9220247      26.0925137
   0.92000    0.72000      13.8218389      30.8711951
   0.92000    0.76000      20.7374117      36.9763196
   0.92000    0.80000      30.3740213      45.0641620
   0.92000    0.84000      43.8477985      56.2871956
   0.92000    0.88000      63.0992959      72.7833879
   0.92000    0.92000      91.6310454      98.5994890
   0.92000    0.96000     135.3138123     140.2627780
   0.92000    1.00000     200.0000000     197.4421020

   0.96000    0.00000       0.0000000       0.0000000
   0.96000    0.04000       0.0000002       0.3501489
   0.96000    0.08000       0.0000014       0.7060860
   0.96000    0.12000       0.0000090       1.0737278
   0.96000    0.16000       0.0000476       1.4592550
   0.96000    0.20000       0.0002119       1.8692648
   0.96000    0.24000       0.0008150       2.3109498
   0.96000    0.28000       0.0027568       2.7923196
   0.96000    0.32000       0.0083161       3.3224840
   0.96000    0.36000       0.0226428       3.9120325
   0.96000    0.40000       0.0562164       4.5735547
   0.96000    0.44000       0.1284063       5.3223790
   0.96000    0.48000       0.2719748       6.1776504
   0.96000    0.52000       0.5380125       7.1639473
   0.96000    0.56000       1.0005660       8.3137820
   0.96000    0.60000       1.7603996       9.6715969
   0.96000    0.64000       2.9482272      11.3003982
   0.96000    0.68000       4.7297015      13.2932696
   0.96000    0.72000       7.3181264      15.7944629
   0.96000    0.76000      11.0082309      19.0406876
   0.96000    0.80000      16.2617492      23.4489805
   0.96000    0.84000      23.9236429      29.8248694
   0.96000    0.88000      35.7972632      39.9298041
   0.96000    0.92000      56.3149895      58.3366051
   0.96000    0.96000      97.9072005      99.6498511
   0.96000    1.00000     200.0000000     194.9363323

   1.00000    0.00000       0.0000000       0.0000000
   1.00000    0.04000       0.0000000       0.0000000
   1.00000    0.08000       0.0000000       0.0000000
   1.00000    0.12000       0.0000000       0.0000000
   1.00000    0.16000       0.0000000       0.0000000
   1.00000    0.20000       0.0000000       0.0000000
   1.00000    0.24000       0.0000000       0.0000000
   1.00000    0.28000       0.0000000       0.0000000
   1.00000    0.32000       0.0000000       0.0000000
   1.00000    0.36000       0.0000000       0.0000000
   1.00000    0.40000       0.0000000       0.0000000
   1.00000    0.44000       0.0000000       0.0000000
   1.00000    0.48000       0.0000000       0.0000000
   1.00000    0.52000       0.0000000       0.0000000
   1.00000    0.56000       0.0000000       0.0000000
   1.00000    0.60000       0.0000000       0.0000000
   1.00000    0.64000       0.0000000       0.0000000
   1.00000    0.68000       0.0000000       0.0000000
   1.00000    0.72000       0.0000000       0.0000000
   1.00000    0.76000       0.0000000       0.0000000
   1.00000    0.80000       0.0000000       0.0000000
   1.00000    0.84000       0.0000000       0.0000000
   1.00000    0.88000       0.0000000       0.0000000
   1.00000    0.92000       0.0000000       0.0000000
   1.00000    0.96000       0.0000000       0.0000000
   1.00000    1.00000       0.0000000       0.0000000

