# x
0.000000000000000000e+00
0.000000000000000000e+00
0.000000000000000000e+00
0.000000000000000000e+00
0.000000000000000000e+00
0.000000000000000000e+00
0.000000000000000000e+00
0.000000000000000000e+00
0.000000000000000000e+00
0.000000000000000000e+00
0.000000000000000000e+00
0.000000000000000000e+00
0.000000000000000000e+00
0.000000000000000000e+00
0.000000000000000000e+00
0.000000000000000000e+00
0.000000000000000000e+00
0.000000000000000000e+00
0.000000000000000000e+00
0.000000000000000000e+00
0.000000000000000000e+00
0.000000000000000000e+00
0.000000000000000000e+00
0.000000000000000000e+00
0.000000000000000000e+00
0.000000000000000000e+00
0.000000000000000000e+00
0.000000000000000000e+00
0.000000000000000000e+00
0.000000000000000000e+00
0.000000000000000000e+00
0.000000000000000000e+00
0.000000000000000000e+00
0.000000000000000000e+00
0.000000000000000000e+00
0.000000000000000000e+00
0.000000000000000000e+00
0.000000000000000000e+00
0.000000000000000000e+00
0.000000000000000000e+00
0.000000000000000000e+00
0.000000000000000000e+00
0.000000000000000000e+00
0.000000000000000000e+00
0.000000000000000000e+00
0.000000000000000000e+00
0.000000000000000000e+00
0.000000000000000000e+00
0.000000000000000000e+00
0.000000000000000000e+00
0.000000000000000000e+00
0.000000000000000000e+00
0.000000000000000000e+00
5.263158082962036133e-01
1.052631616592407227e+00
1.578947424888610840e+00
2.105263233184814453e+00
2.631578922271728516e+00
3.157894849777221680e+00
3.684210538864135742e+00
4.210526466369628906e+00
4.736842155456542969e+00
5.263157844543457031e+00
5.789473533630371094e+00
6.315789699554443359e+00
6.842105388641357422e+00
7.368421077728271484e+00
7.894736766815185547e+00
8.421052932739257812e+00
8.947368621826171875e+00
9.473684310913085938e+00
1.000000000000000000e+01
0.000000000000000000e+00
5.263158082962036133e-01
1.052631616592407227e+00
1.578947424888610840e+00
2.105263233184814453e+00
2.631578922271728516e+00
3.157894849777221680e+00
3.684210538864135742e+00
4.210526466369628906e+00
4.736842155456542969e+00
5.263157844543457031e+00
5.789473533630371094e+00
6.315789699554443359e+00
6.842105388641357422e+00
7.368421077728271484e+00
7.894736766815185547e+00
8.421052932739257812e+00
8.947368621826171875e+00
9.473684310913085938e+00
1.000000000000000000e+01
1.000000000000000000e+01
0.000000000000000000e+00
0.000000000000000000e+00
0.000000000000000000e+00
1.000000000000000000e+01
0.000000000000000000e+00
0.000000000000000000e+00
0.000000000000000000e+00
0.000000000000000000e+00
0.000000000000000000e+00
1.000000000000000000e+01
0.000000000000000000e+00
0.000000000000000000e+00
0.000000000000000000e+00
1.000000000000000000e+01
1.000000000000000000e+01
0.000000000000000000e+00
0.000000000000000000e+00
1.000000000000000000e+01
1.000000000000000000e+01
6.102414608001708984e+00
6.030588150024414062e+00
1.493810892105102539e+00
5.224975585937500000e+00
7.485919952392578125e+00
3.997982025146484375e+00
4.829433441162109375e+00
7.144271135330200195e-01
3.870460510253906250e+00
1.535452008247375488e+00
3.640725910663604736e-01
4.601972579956054688e+00
1.617140889167785645e+00
6.732591629028320312e+00
4.226047515869140625e+00
2.479247093200683594e+00
6.820485115051269531e+00
7.254551887512207031e+00
9.404462814331054688e+00
7.403691291809082031e+00
6.681763648986816406e+00
2.293115615844726562e+00
8.566916465759277344e+00
2.200778484344482422e+00
7.327142715454101562e+00
8.284156799316406250e+00
6.696727752685546875e+00
4.555915832519531250e+00
2.158777952194213867e+00
3.235302448272705078e+00
6.234281063079833984e+00
9.927211761474609375e+00
2.621421575546264648e+00
1.441823482513427734e+00
6.451542377471923828e+00
5.754559516906738281e+00
5.651672363281250000e+00
7.714195251464843750e+00
2.791863083839416504e-01
3.524703502655029297e+00
2.872007846832275391e+00
7.781629085540771484e+00
5.918588161468505859e+00
9.891057014465332031e+00
9.528447151184082031e+00
6.575130224227905273e-01
6.821167469024658203e+00
7.618597984313964844e+00
8.295522689819335938e+00
5.370656028389930725e-02
7.507452011108398438e+00
2.327588081359863281e+00
9.837701797485351562e+00
9.538847923278808594e+00
7.354190826416015625e+00
3.801632404327392578e+00
9.371696472167968750e+00
7.595630645751953125e+00
4.395606994628906250e+00
2.506152153015136719e+00
6.990447521209716797e+00
7.387772560119628906e+00
6.203121185302734375e+00
2.199055194854736328e+00
5.917222499847412109e+00
8.265415191650390625e+00
3.416136264801025391e+00
1.520877122879028320e+00
8.523804664611816406e+00
6.822723388671875000e+00
9.039238929748535156e+00
7.357732772827148438e+00
2.670803308486938477e+00
2.953349590301513672e+00
8.058599472045898438e+00
4.528802871704101562e+00
5.469067573547363281e+00
7.255348682403564453e+00
5.765921592712402344e+00
4.723973751068115234e+00
6.491423845291137695e-01
5.915525436401367188e+00
8.958068847656250000e+00
7.988560676574707031e+00
8.624141693115234375e+00
1.026208877563476562e+00
5.722555160522460938e+00
8.312789916992187500e+00
7.633426189422607422e+00
4.983438491821289062e+00
5.023944377899169922e+00
6.506388187408447266e+00
8.900060653686523438e+00
5.228698730468750000e+00
5.162972450256347656e+00
2.859100341796875000e+00
2.551119089126586914e+00
1.443641483783721924e-01
7.816444396972656250e+00
3.287405729293823242e+00
4.527987480163574219e+00
6.984066009521484375e+00
4.609610557556152344e+00
6.226709365844726562e+00
1.322608113288879395e+00
7.417068958282470703e+00
3.280072450637817383e+00
6.111842155456542969e+00
3.076318264007568359e+00
4.426095962524414062e+00
1.112895131111145020e+00
5.365796089172363281e+00
8.595541954040527344e+00
9.902931213378906250e+00
2.565303146839141846e-01
8.453266143798828125e+00
9.428637504577636719e+00
1.788518428802490234e+00
4.457756519317626953e+00
1.632702589035034180e+00
3.261548280715942383e+00
3.694703340530395508e+00
9.111207008361816406e+00
2.937373876571655273e+00
5.559273242950439453e+00
9.537568092346191406e+00
4.967242717742919922e+00
8.396054267883300781e+00
2.235207319259643555e+00
7.953576087951660156e+00
9.608357429504394531e+00
4.057263374328613281e+00
1.477389574050903320e+00
8.214660644531250000e+00
4.414562225341796875e+00
2.519218683242797852e+00
5.176632404327392578e+00
1.432064324617385864e-01
4.685351371765136719e+00
6.315758705139160156e+00
7.474057674407958984e+00
4.323579788208007812e+00
9.344993591308593750e+00
9.271334648132324219e+00
2.352833271026611328e+00
1.585652828216552734e-01
3.474818170070648193e-01
1.621430397033691406e+00
6.911391735076904297e+00
2.964500427246093750e+00
1.445798426866531372e-01
2.080695390701293945e+00
9.195397377014160156e+00
4.506690502166748047e+00
4.595095157623291016e+00
7.517449378967285156e+00
2.619585990905761719e+00
7.543503642082214355e-01
1.568257927894592285e+00
6.526880264282226562e+00
3.632445573806762695e+00
9.844421386718750000e+00
6.396968364715576172e+00
5.291497111320495605e-01
4.474888324737548828e+00
9.555354118347167969e+00
6.307971954345703125e+00
9.662542343139648438e+00
7.345796108245849609e+00
5.731518268585205078e+00
4.127201557159423828e+00
1.357217788696289062e+00
5.253967046737670898e-01
2.456117630004882812e+00
1.069019794464111328e+00
6.680557250976562500e+00
5.577175617218017578e+00
9.321908950805664062e-01
5.858741283416748047e+00
5.344066143035888672e+00
3.167788982391357422e+00
3.107634067535400391e+00
5.063037395477294922e+00
9.879507064819335938e+00
2.380153894424438477e+00
8.489671707153320312e+00
8.115850448608398438e+00
3.282582461833953857e-01
5.565776824951171875e+00
7.402201175689697266e+00
4.875942707061767578e+00
4.498106479644775391e+00
7.668929100036621094e+00
4.768092155456542969e+00
9.281102180480957031e+00
3.978600740432739258e+00
4.302063465118408203e+00
4.164402008056640625e+00
1.842282056808471680e+00
5.503473281860351562e+00
6.828022003173828125e+00
3.495808601379394531e+00
2.857485115528106689e-01
3.549806475639343262e-01
9.138847351074218750e+00
7.404061317443847656e+00
2.077615976333618164e+00
7.106357574462890625e+00
1.029369592666625977e+00
5.803026676177978516e+00
7.275781631469726562e+00
9.891984939575195312e+00
7.928246498107910156e+00
1.712041974067687988e+00
2.903483152389526367e+00
1.985394835472106934e+00
7.616019248962402344e+00
6.928291797637939453e+00
3.697079181671142578e+00
9.260108947753906250e+00
4.773419857025146484e+00
3.212972164154052734e+00
7.700904846191406250e+00
4.212208747863769531e+00
4.359687805175781250e+00
6.457993507385253906e+00
2.493227958679199219e+00
7.952119827270507812e+00
5.594780445098876953e+00
8.041872084140777588e-02
7.307282447814941406e+00
5.987865447998046875e+00
1.414319992065429688e+00
9.712356567382812500e+00
8.589019775390625000e+00
3.136689901351928711e+00
7.734544277191162109e-01
2.701635599136352539e+00
7.223101615905761719e+00
4.279659271240234375e+00
4.045654773712158203e+00
4.576094150543212891e+00
3.742517471313476562e+00
2.202746868133544922e+00
6.480150222778320312e+00
5.696194171905517578e+00
8.942874908447265625e+00
7.604643821716308594e+00
4.276027202606201172e+00
1.443483233451843262e+00
8.839380145072937012e-01
2.641484260559082031e+00
8.008105278015136719e+00
6.356831073760986328e+00
6.497829437255859375e+00
1.595568418502807617e+00
6.800089359283447266e+00
8.915656089782714844e+00
7.527950406074523926e-01
3.903226375579833984e+00
6.006922721862792969e+00
4.506336688995361328e+00
1.791792392730712891e+00
9.339750409126281738e-01
8.953792572021484375e+00
2.513699054718017578e+00
6.103419780731201172e+00
3.062016487121582031e+00
6.974950790405273438e+00
1.988057017326354980e+00
9.278934478759765625e+00
8.560881614685058594e+00
6.578519821166992188e+00
4.037834405899047852e-01
2.442691802978515625e+00
2.587128639221191406e+00
5.603800773620605469e+00
1.792401552200317383e+00
6.207380771636962891e+00
8.961190223693847656e+00
7.092895507812500000e+00
3.089270591735839844e+00
5.698411941528320312e+00
9.595695495605468750e+00
6.714537620544433594e+00
9.123974800109863281e+00
7.032776355743408203e+00
7.502144813537597656e+00
3.490841150283813477e+00
3.182508468627929688e+00
1.640761375427246094e+00
4.844648361206054688e+00
7.445378780364990234e+00
7.710357189178466797e+00
7.493440628051757812e+00
4.719636917114257812e+00
9.424633979797363281e+00
1.801517009735107422e+00
6.663240909576416016e+00
8.386785507202148438e+00
2.795477390289306641e+00
5.843751430511474609e+00
1.183407455682754517e-01
3.135388135910034180e+00
3.092296361923217773e+00
9.067346572875976562e+00
7.188225269317626953e+00
6.217154502868652344e+00
4.467617511749267578e+00
9.370756149291992188e+00
7.308529853820800781e+00
9.238375663757324219e+00
4.710737228393554688e+00
2.525196552276611328e+00
8.212605476379394531e+00
4.665859699249267578e+00
3.874471664428710938e+00
6.857794761657714844e+00
5.926277160644531250e+00
6.225281238555908203e+00
4.693919718265533447e-01
3.064870357513427734e+00
4.048115730285644531e+00
6.982186317443847656e+00
8.011384963989257812e+00
2.505118608474731445e+00
3.439657688140869141e+00
3.446342706680297852e+00
2.254487037658691406e+00
5.273586273193359375e+00
1.747838377952575684e+00
1.728523671627044678e-01
8.715153694152832031e+00
9.500454902648925781e+00
1.820941865444183350e-01
2.765659093856811523e+00
4.265106201171875000e+00
8.768468856811523438e+00
5.770503044128417969e+00
7.110080718994140625e-01
5.157020568847656250e+00
7.507248878479003906e+00
9.521360397338867188e+00
1.613455414772033691e-01
9.805538177490234375e+00
1.399280548095703125e+00
9.257639050483703613e-01
9.313012123107910156e+00
7.992653846740722656e+00
5.010347366333007812e+00
8.295050621032714844e+00
8.043346405029296875e+00
9.833785057067871094e+00
2.578739166259765625e+00
5.146512031555175781e+00
2.933330774307250977e+00
2.094416141510009766e+00
2.611375093460083008e+00
3.481137990951538086e+00
2.989032745361328125e+00
9.843808174133300781e+00
8.467126846313476562e+00
3.806989669799804688e+00
2.944996118545532227e+00
9.291402816772460938e+00
7.673254013061523438e+00
5.285892486572265625e+00
5.802066802978515625e+00
5.652048587799072266e+00
7.379540443420410156e+00
9.130799293518066406e+00
4.584668576717376709e-01
4.697657108306884766e+00
7.912263393402099609e+00
6.979770660400390625e+00
8.743342757225036621e-01
4.352996826171875000e+00
8.149256706237792969e+00
1.935336112976074219e+00
3.654084444046020508e+00
5.866596221923828125e+00
5.120462417602539062e+00
9.007527351379394531e+00
8.564251899719238281e+00
3.320510864257812500e+00
7.542722702026367188e+00
6.447408199310302734e+00
7.738589286804199219e+00
9.471253395080566406e+00
4.219104290008544922e+00
5.515842914581298828e+00
8.175136566162109375e+00
6.835312843322753906e+00
6.730627059936523438e+00
3.665746450424194336e+00
3.815789461135864258e+00
6.848579406738281250e+00
6.432917594909667969e+00
4.228793144226074219e+00
8.228426933288574219e+00
6.748929977416992188e+00
2.940061092376708984e+00
5.034457206726074219e+00
8.471056938171386719e+00
3.093832433223724365e-01
7.798150062561035156e+00
6.011023521423339844e+00
8.469775199890136719e+00
1.173110127449035645e+00
5.948328018188476562e+00
2.971835136413574219e+00
2.299781560897827148e+00
8.015000343322753906e+00
6.765811920166015625e+00
9.313768386840820312e+00
1.170001387596130371e+00
8.071383476257324219e+00
7.939091682434082031e+00
5.941018581390380859e+00
7.283420085906982422e+00
5.743219375610351562e+00
2.657717466354370117e+00
6.510863304138183594e+00
5.863603591918945312e+00
7.732462882995605469e+00
2.866204261779785156e+00
7.712756991386413574e-01
8.668472766876220703e-01
8.779721260070800781e+00
1.345832347869873047e+00
4.938907623291015625e+00
2.375045537948608398e+00
8.488157272338867188e+00
1.296773552894592285e+00
1.364857196807861328e+00
2.742207288742065430e+00
9.046019554138183594e+00
5.876399993896484375e+00
8.782178878784179688e+00
1.042252659797668457e+00
7.549777984619140625e+00
3.056880950927734375e+00
8.959724426269531250e+00
9.470871925354003906e+00
9.225347518920898438e+00
7.762497901916503906e+00
7.063973426818847656e+00
5.999075889587402344e+00
6.331482887268066406e+00
6.817713260650634766e+00
8.714632987976074219e+00
2.612011909484863281e+00
1.468891382217407227e+00
9.724874496459960938e+00
3.590375930070877075e-02
8.699800491333007812e+00
2.680223941802978516e+00
4.644826412200927734e+00
7.260562896728515625e+00
2.410043716430664062e+00
8.782586097717285156e+00
3.227792978286743164e+00
6.996718406677246094e+00
6.328847408294677734e+00
4.481804370880126953e+00
8.776547431945800781e+00
6.077907562255859375e+00
6.542554378509521484e+00
5.145332813262939453e+00
7.881626605987548828e+00
5.215549468994140625e+00
9.502985000610351562e+00
1.396080255508422852e+00
1.899686574935913086e+00
3.264574527740478516e+00
9.788734436035156250e+00
9.470312118530273438e+00
4.075436115264892578e+00
9.237768173217773438e+00
8.938501358032226562e+00
6.523017883300781250e-01
6.791607141494750977e-01
2.275519609451293945e+00
2.962517261505126953e+00
8.749843597412109375e+00
9.418082237243652344e+00
9.153514862060546875e+00
6.775909423828125000e+00
8.186965942382812500e+00
7.045994281768798828e+00
1.958089947700500488e+00
1.465888142585754395e+00
6.527653694152832031e+00
9.240692138671875000e+00
8.470150947570800781e+00
8.605681419372558594e+00
2.733856201171875000e+00
1.628465414047241211e+00
2.016991376876831055e+00
8.999460220336914062e+00
