# x
0.000000000000000000e+00
0.000000000000000000e+00
0.000000000000000000e+00
0.000000000000000000e+00
0.000000000000000000e+00
5.263158082962036133e-01
1.052631616592407227e+00
1.578947424888610840e+00
2.105263233184814453e+00
2.631578922271728516e+00
3.157894849777221680e+00
3.684210538864135742e+00
4.210526466369628906e+00
4.736842155456542969e+00
5.263157844543457031e+00
5.789473533630371094e+00
6.315789699554443359e+00
6.842105388641357422e+00
7.368421077728271484e+00
7.894736766815185547e+00
8.421052932739257812e+00
8.947368621826171875e+00
9.473684310913085938e+00
1.000000000000000000e+01
0.000000000000000000e+00
5.263158082962036133e-01
1.052631616592407227e+00
1.578947424888610840e+00
2.105263233184814453e+00
2.631578922271728516e+00
3.157894849777221680e+00
3.684210538864135742e+00
4.210526466369628906e+00
4.736842155456542969e+00
5.263157844543457031e+00
5.789473533630371094e+00
6.315789699554443359e+00
6.842105388641357422e+00
7.368421077728271484e+00
7.894736766815185547e+00
8.421052932739257812e+00
8.947368621826171875e+00
9.473684310913085938e+00
1.000000000000000000e+01
0.000000000000000000e+00
1.000000000000000000e+01
6.178213119506835938e+00
9.096046447753906250e+00
7.474453449249267578e+00
6.485030651092529297e+00
3.336554765701293945e+00
6.912093162536621094e-01
5.951001167297363281e+00
5.272895693778991699e-01
1.639283657073974609e+00
8.769840240478515625e+00
3.001597166061401367e+00
9.072147369384765625e+00
1.649797677993774414e+00
3.258825302124023438e+00
4.552829742431640625e+00
4.591641902923583984e+00
4.073109626770019531e+00
7.076025962829589844e+00
5.176291942596435547e+00
5.710963249206542969e+00
5.297083854675292969e+00
1.003980875015258789e+00
2.171791315078735352e+00
5.292796134948730469e+00
3.398112058639526367e+00
2.828946352005004883e+00
7.268197536468505859e+00
6.051919460296630859e+00
9.595712661743164062e+00
4.235758304595947266e+00
1.795635342597961426e+00
4.899185180664062500e+00
1.156637191772460938e+00
3.003152847290039062e+00
9.679420471191406250e+00
8.737385749816894531e+00
5.776427268981933594e+00
6.274496078491210938e+00
3.052603900432586670e-01
4.179809093475341797e+00
1.286597996950149536e-01
6.184731006622314453e+00
5.332177281379699707e-01
9.163511276245117188e+00
2.346091270446777344e+00
4.361537456512451172e+00
9.188710212707519531e+00
8.480665206909179688e+00
4.362045288085937500e+00
5.059036731719970703e+00
5.193307399749755859e+00
1.790209770202636719e+00
9.008666992187500000e+00
7.738128662109375000e+00
6.902964115142822266e+00
7.976089000701904297e+00
2.654368400573730469e+00
8.567853927612304688e+00
2.788118362426757812e+00
7.003860473632812500e+00
3.784381151199340820e+00
2.061571598052978516e+00
4.593704223632812500e+00
7.463174343109130859e+00
8.894392013549804688e+00
6.137416839599609375e+00
7.637827396392822266e+00
1.820927381515502930e+00
1.016843557357788086e+00
9.618894577026367188e+00
5.208889007568359375e+00
4.851479530334472656e-01
2.716099023818969727e+00
8.497760772705078125e+00
7.271068096160888672e+00
5.887755870819091797e+00
1.526283740997314453e+00
4.920060634613037109e+00
7.845802307128906250e+00
4.976229190826416016e+00
5.431065559387207031e-01
3.472732543945312500e+00
7.971793174743652344e+00
5.023221492767333984e+00
8.411824226379394531e+00
7.493750572204589844e+00
7.692923545837402344e+00
7.038890123367309570e-01
2.557357847690582275e-01
7.875554561614990234e+00
9.898382186889648438e+00
4.702463626861572266e+00
8.386219024658203125e+00
5.610065937042236328e+00
8.819395065307617188e+00
8.360906600952148438e+00
4.937279701232910156e+00
8.303998947143554688e+00
6.581068038940429688e+00
7.559103488922119141e+00
5.524412155151367188e+00
7.968593597412109375e+00
3.150346875190734863e-01
7.843177795410156250e+00
9.819989204406738281e+00
3.214119672775268555e+00
2.598596811294555664e+00
4.719127655029296875e+00
9.188605308532714844e+00
6.037899971008300781e+00
2.688111066818237305e+00
3.355012178421020508e+00
8.896268844604492188e+00
7.614780426025390625e+00
4.432086467742919922e+00
6.837434768676757812e+00
3.626439094543457031e+00
2.989968776702880859e+00
5.443642139434814453e+00
3.152690887451171875e+00
2.243544578552246094e+00
5.214725494384765625e+00
8.379261016845703125e+00
1.039554834365844727e+00
9.970437049865722656e+00
8.239821434020996094e+00
1.074380993843078613e+00
5.476218223571777344e+00
1.678355813026428223e+00
3.175127506256103516e+00
2.134721755981445312e+00
2.697776257991790771e-01
8.977615356445312500e+00
5.157406806945800781e+00
7.779522418975830078e+00
7.615618705749511719e+00
2.748250961303710938e+00
7.031486511230468750e+00
7.385735034942626953e+00
8.052677154541015625e+00
4.048717498779296875e+00
6.811733245849609375e+00
9.998726844787597656e+00
4.585085391998291016e+00
3.724637031555175781e-01
5.745222091674804688e+00
7.454686164855957031e+00
7.538212537765502930e-01
3.273743152618408203e+00
6.802654266357421875e+00
5.398063182830810547e+00
9.815256118774414062e+00
6.233542442321777344e+00
6.783260107040405273e-01
6.881742000579833984e+00
7.914109230041503906e+00
9.085897445678710938e+00
7.986861228942871094e+00
7.639313340187072754e-01
8.856065750122070312e+00
4.286465048789978027e-02
2.190932750701904297e+00
9.978013038635253906e+00
9.038779258728027344e+00
3.008680820465087891e+00
7.928457736968994141e+00
9.134852409362792969e+00
6.608718872070312500e+00
3.635320186614990234e+00
3.419076204299926758e+00
6.712443351745605469e+00
5.240021705627441406e+00
4.846756935119628906e+00
7.168855190277099609e+00
3.949093818664550781e+00
6.950516700744628906e+00
3.883083820343017578e+00
6.199470043182373047e+00
2.679718732833862305e+00
3.530438244342803955e-01
3.174083471298217773e+00
8.501042366027832031e+00
3.293445587158203125e+00
4.001907825469970703e+00
6.149912357330322266e+00
4.463712215423583984e+00
9.717924118041992188e+00
7.899775028228759766e+00
9.960246086120605469e+00
6.660800457000732422e+00
1.242532968521118164e+00
7.562658309936523438e+00
7.363924026489257812e+00
6.799504280090332031e+00
8.551879882812500000e+00
1.441998004913330078e+00
5.908864974975585938e+00
4.824735641479492188e+00
9.776612281799316406e+00
2.332461357116699219e+00
4.322955608367919922e+00
8.312130928039550781e+00
6.637763023376464844e+00
9.507374763488769531e+00
4.587667465209960938e+00
9.394854545593261719e+00
3.007500648498535156e+00
4.380604743957519531e+00
9.206245422363281250e+00
1.781585335731506348e+00
6.264966964721679688e+00
7.089836597442626953e+00
2.508163213729858398e+00
6.220051765441894531e+00
4.430128097534179688e+00
5.821835994720458984e+00
2.059345483779907227e+00
2.567409276962280273e+00
7.860248088836669922e+00
5.441365242004394531e+00
8.688146591186523438e+00
7.934107303619384766e+00
3.950688362121582031e+00
6.949582576751708984e+00
3.506384372711181641e+00
2.052650690078735352e+00
4.148896217346191406e+00
8.929079055786132812e+00
2.107910394668579102e+00
8.465245246887207031e+00
6.693106651306152344e+00
3.096206426620483398e+00
1.059675335884094238e+00
1.105427622795104980e+00
7.789135932922363281e+00
1.744118690490722656e+00
3.206891059875488281e+00
1.961409807205200195e+00
1.634076118469238281e+00
2.175978183746337891e+00
7.869036197662353516e+00
4.015113830566406250e+00
3.772851452231407166e-02
6.739025592803955078e+00
7.876289367675781250e+00
6.276938915252685547e+00
9.252316474914550781e+00
9.059794425964355469e+00
9.868525505065917969e+00
8.339863777160644531e+00
3.336109638214111328e+00
9.194746971130371094e+00
2.068628072738647461e+00
4.117965221405029297e+00
6.878220558166503906e+00
8.566490173339843750e+00
7.042946338653564453e+00
2.662639617919921875e+00
8.291906356811523438e+00
3.559583187103271484e+00
8.465280532836914062e+00
7.992001771926879883e-01
7.995586872100830078e+00
5.910806179046630859e+00
4.251437664031982422e+00
5.317749023437500000e+00
7.039451599121093750e+00
4.185123443603515625e+00
2.918100118637084961e+00
8.354746103286743164e-01
8.506665229797363281e+00
6.351304054260253906e+00
1.322258472442626953e+00
2.431389808654785156e+00
5.491998672485351562e+00
6.475578308105468750e+00
2.975381612777709961e+00
4.986788272857666016e+00
1.060580134391784668e+00
9.505471229553222656e+00
2.696752786636352539e+00
3.841383934020996094e+00
9.035344123840332031e+00
5.516089916229248047e+00
1.926576614379882812e+00
3.699210166931152344e+00
8.133635520935058594e+00
7.150187015533447266e+00
2.077579200267791748e-01
8.777557373046875000e+00
4.665698051452636719e+00
1.321679115295410156e+00
2.421157121658325195e+00
4.950267314910888672e+00
8.423214912414550781e+00
6.334479331970214844e+00
1.000756740570068359e+00
3.083369493484497070e+00
8.236854553222656250e+00
9.992429733276367188e+00
5.483842372894287109e+00
1.701715588569641113e+00
7.533560752868652344e+00
3.525950431823730469e+00
1.286740183830261230e+00
3.126890420913696289e+00
7.891731739044189453e+00
1.652862906455993652e+00
3.748239040374755859e+00
5.526159286499023438e+00
5.447734832763671875e+00
9.212127685546875000e+00
1.380894780158996582e+00
7.642480731010437012e-01
2.439976692199707031e+00
2.513444662094116211e+00
6.659618377685546875e+00
7.862700939178466797e+00
2.521298408508300781e+00
8.176813125610351562e+00
6.090464115142822266e+00
1.828829199075698853e-01
9.524168968200683594e+00
7.805084705352783203e+00
7.158745765686035156e+00
8.052400588989257812e+00
1.141879439353942871e+00
8.352240562438964844e+00
5.652208328247070312e+00
2.058294534683227539e+00
1.973071217536926270e+00
7.807170152664184570e-01
8.299220085144042969e+00
8.518587112426757812e+00
3.634469509124755859e+00
1.758921384811401367e+00
9.449313163757324219e+00
2.190273046493530273e+00
7.273353576660156250e+00
2.952851057052612305e+00
8.998258590698242188e+00
5.545602440834045410e-01
5.674147129058837891e+00
1.497401893138885498e-01
5.339347839355468750e+00
5.627914428710937500e+00
1.356734156608581543e+00
7.996245384216308594e+00
7.319686889648437500e+00
9.469104766845703125e+00
4.131599426269531250e+00
5.823093414306640625e+00
3.136379480361938477e+00
3.692567825317382812e+00
1.060546517372131348e+00
2.303508281707763672e+00
9.144147872924804688e+00
2.042324304580688477e+00
3.894783854484558105e-01
3.723540067672729492e+00
7.581251144409179688e+00
9.503786087036132812e+00
1.400691151618957520e+00
1.984933495521545410e+00
5.571691513061523438e+00
4.244846343994140625e+00
3.000816345214843750e+00
8.985003471374511719e+00
9.826124191284179688e+00
4.941977024078369141e+00
2.520795345306396484e+00
9.051530838012695312e+00
8.300169944763183594e+00
6.368938446044921875e+00
1.035574316978454590e+00
5.082988262176513672e+00
9.503152847290039062e+00
1.063083767890930176e+00
9.354421615600585938e+00
6.121816158294677734e+00
9.743378162384033203e-01
9.291212081909179688e+00
9.174136161804199219e+00
6.595726013183593750e+00
2.136435210704803467e-01
9.648892402648925781e+00
5.977269172668457031e+00
6.186340332031250000e+00
1.459023475646972656e+00
4.176688194274902344e+00
1.680054545402526855e+00
5.558491706848144531e+00
1.270385980606079102e+00
1.669339537620544434e+00
7.533642649650573730e-01
2.756804227828979492e+00
7.302048802375793457e-01
4.350172877311706543e-01
5.616567611694335938e+00
6.115162849426269531e+00
7.966001510620117188e+00
1.267609357833862305e+00
7.792532920837402344e+00
1.559925079345703125e+00
3.024096250534057617e+00
8.392656326293945312e+00
6.686938285827636719e+00
4.401827812194824219e+00
3.859927415847778320e+00
9.823924064636230469e+00
8.937157630920410156e+00
2.824638128280639648e+00
7.398329734802246094e+00
9.674831390380859375e+00
4.857233524322509766e+00
6.602935791015625000e+00
5.647825717926025391e+00
2.153164386749267578e+00
3.021003007888793945e+00
1.162123918533325195e+00
8.406108856201171875e+00
6.726324558258056641e+00
3.839518785476684570e+00
3.847493171691894531e+00
8.380360603332519531e+00
3.741586208343505859e+00
7.252638816833496094e+00
2.983145236968994141e+00
1.123024225234985352e+00
8.473595619201660156e+00
4.794960975646972656e+00
4.861043930053710938e+00
9.926671028137207031e+00
5.390333652496337891e+00
1.040308028459548950e-01
4.525737285614013672e+00
8.165464401245117188e+00
2.185412645339965820e+00
7.611013412475585938e+00
1.091392755508422852e+00
5.711203098297119141e+00
9.884517669677734375e+00
7.917574048042297363e-01
5.297881126403808594e+00
9.783016204833984375e+00
2.214165210723876953e+00
7.935680389404296875e+00
9.531823158264160156e+00
6.687187671661376953e+00
4.391017258167266846e-01
7.349585890769958496e-01
4.204675197601318359e+00
1.141590833663940430e+00
9.617308616638183594e+00
6.456549167633056641e+00
3.329333782196044922e+00
3.697363853454589844e+00
9.872076034545898438e+00
1.329685926437377930e+00
2.055955171585083008e+00
3.331141710281372070e+00
7.573212623596191406e+00
7.758163928985595703e+00
7.736675262451171875e+00
3.390384674072265625e+00
5.123377323150634766e+00
4.900442600250244141e+00
3.814660549163818359e+00
6.045042991638183594e+00
4.471651077270507812e+00
5.110653877258300781e+00
6.993112564086914062e+00
4.341816425323486328e+00
2.490396738052368164e+00
8.745471000671386719e+00
1.293893456459045410e+00
7.328301429748535156e+00
7.391458034515380859e+00
8.092920303344726562e+00
9.958356857299804688e+00
1.858413338661193848e+00
1.722661375999450684e+00
6.635974884033203125e+00
2.118160486221313477e+00
5.866465568542480469e+00
3.015851736068725586e+00
5.716080665588378906e+00
2.422257661819458008e+00
1.074745416641235352e+00
7.364379882812500000e+00
2.110754698514938354e-01
3.012318611145019531e+00
5.314236283302307129e-01
1.462621808052062988e+00
4.540715694427490234e+00
5.839272022247314453e+00
9.200645446777343750e+00
2.705193758010864258e-01
7.700551986694335938e+00
8.602640628814697266e-01
