	masa_B
t	θ
0,000000E0	1,284635E0
1,664444E-2	1,284635E0
3,328889E-2	1,284635E0
5,004444E-2	1,284635E0
6,668889E-2	1,284635E0
8,333333E-2	1,284635E0
9,997778E-2	1,284635E0
1,166222E-1	1,284635E0
1,332667E-1	1,284635E0
1,499111E-1	1,284635E0
1,665556E-1	1,284635E0
1,832000E-1	2,725932E0
1,998444E-1	4,798713E0
2,164889E-1	6,454673E0
2,331333E-1	7,804107E0
2,497778E-1	9,045654E0
2,664222E-1	1,023874E1
2,830667E-1	1,097851E1
2,997111E-1	1,151702E1
3,163556E-1	1,180177E1
3,330000E-1	1,170007E1
3,496444E-1	1,098450E1
3,662889E-1	1,053832E1
3,829333E-1	9,851785E0
3,995778E-1	8,812080E0
4,162222E-1	7,336212E0
4,328667E-1	5,633983E0
4,495111E-1	3,512024E0
4,661556E-1	1,663759E0
4,828000E-1	1,663759E0
4,994444E-1	1,663759E0
5,160889E-1	1,663759E0
5,327333E-1	1,663759E0
5,493778E-1	1,663759E0
5,660222E-1	1,663759E0
5,826667E-1	1,663759E0
5,993111E-1	1,663759E0
6,159556E-1	1,663759E0
6,326000E-1	1,663759E0
6,492444E-1	1,663759E0
6,658889E-1	1,663759E0
6,825333E-1	1,663759E0
6,991778E-1	1,663759E0
7,158222E-1	1,665902E0
7,324667E-1	1,665902E0
7,491111E-1	4,352059E0
7,657556E-1	6,258268E0
7,824000E-1	7,534761E0
7,990444E-1	8,613847E0
8,156889E-1	9,422961E0
8,324444E-1	9,970319E0
8,490889E-1	1,050580E1
8,657333E-1	1,070357E1
8,823778E-1	1,086481E1
8,990222E-1	1,026484E1
9,156667E-1	9,686975E0
9,323111E-1	9,011318E0
9,489556E-1	7,648004E0
9,656000E-1	5,896411E0
9,822444E-1	3,876386E0
9,988889E-1	3,344511E0
1,015533E0	3,344511E0
1,032178E0	3,344511E0
1,048822E0	3,344511E0
1,065467E0	3,344511E0
1,082111E0	3,344511E0
1,098756E0	3,344511E0
1,115400E0	3,344511E0
1,132044E0	3,344511E0
1,148689E0	3,344511E0
1,165333E0	3,344511E0
1,181978E0	3,449478E0
1,198622E0	3,609333E0
1,215267E0	3,828646E0
1,231911E0	5,337079E0
1,248556E0	6,864846E0
1,265200E0	8,147789E0
1,281844E0	9,152824E0
1,298489E0	9,544877E0
1,315133E0	9,839321E0
1,331778E0	9,925650E0
1,348422E0	9,389667E0
1,365067E0	9,164696E0
1,381711E0	8,355297E0
1,398356E0	6,819387E0
1,415000E0	5,136567E0
1,431644E0	3,715862E0
1,448289E0	3,715862E0
1,464933E0	3,715862E0
1,481578E0	3,715862E0
1,498222E0	3,715862E0
1,514867E0	3,715862E0
1,531511E0	3,715862E0
1,548156E0	3,715862E0
1,564800E0	3,715862E0
1,581444E0	3,715862E0
1,598089E0	3,715862E0
1,614733E0	3,715862E0
1,631378E0	4,192829E0
1,648022E0	5,862304E0
1,664667E0	7,019715E0
1,681311E0	7,881212E0
1,698067E0	8,526231E0
1,714711E0	8,952601E0
1,731356E0	9,160735E0
1,748000E0	8,780689E0
1,764644E0	8,190083E0
1,781289E0	7,176948E0
1,797933E0	5,845787E0
1,814578E0	4,467306E0
1,831222E0	4,312342E0
1,847867E0	4,407943E0
1,864511E0	4,407943E0
1,881156E0	4,407943E0
1,897800E0	4,407943E0
1,914444E0	4,407943E0
1,931089E0	4,407943E0
1,947733E0	4,407943E0
1,964378E0	4,407943E0
1,981022E0	4,407943E0
1,997667E0	5,061808E0
2,014311E0	6,410712E0
2,030956E0	7,331309E0
2,047600E0	8,091593E0
2,064244E0	8,182833E0
2,080889E0	8,228377E0
2,097533E0	7,860037E0
2,114178E0	7,050735E0
2,130822E0	6,177724E0
2,147467E0	4,615348E0
2,164111E0	4,563904E0
2,180756E0	4,563904E0
2,197400E0	4,652155E0
2,214044E0	4,652155E0
2,230689E0	4,652155E0
2,247333E0	4,652155E0
2,263978E0	4,652155E0
2,280622E0	4,652155E0
2,297267E0	5,228757E0
2,313911E0	5,924483E0
2,330556E0	6,809445E0
2,347200E0	7,025445E0
2,363844E0	7,149259E0
2,380489E0	6,876782E0
2,397133E0	6,405411E0
2,413889E0	5,065591E0
2,430533E0	4,417643E0
2,447178E0	4,417643E0
2,463822E0	4,417643E0
2,480467E0	4,417643E0
2,497111E0	4,417643E0
2,513756E0	4,417643E0
2,530400E0	4,417643E0
2,547044E0	4,517746E0
2,563689E0	5,117766E0
2,580333E0	6,020902E0
2,596978E0	6,195310E0
2,613622E0	5,976270E0
2,630267E0	5,281447E0
2,646911E0	4,371408E0
2,663556E0	4,240540E0
2,680200E0	4,240540E0
2,696844E0	4,240540E0
2,713489E0	4,240540E0
2,730133E0	4,240540E0
2,746778E0	4,240540E0
2,763422E0	4,240540E0
2,780067E0	5,315207E0
2,796711E0	5,843829E0
2,813356E0	5,442316E0
2,830000E0	4,823900E0
2,846644E0	4,823900E0
2,863289E0	4,823900E0
2,879933E0	4,823900E0
2,896578E0	4,823900E0
2,913222E0	4,823900E0
2,929867E0	4,823900E0
2,946511E0	5,145230E0
2,963156E0	5,488398E0
2,979800E0	5,215283E0
2,996444E0	4,867340E0
3,013089E0	4,867340E0
3,029733E0	4,867340E0
3,046378E0	4,867340E0
3,063022E0	4,867340E0
3,079667E0	4,867340E0
3,096311E0	4,867340E0
3,112956E0	4,991648E0
3,129600E0	5,237845E0
3,146244E0	4,914931E0
3,162889E0	4,321736E0
3,179533E0	3,919472E0
3,196178E0	3,919472E0
3,212933E0	3,919472E0
3,229578E0	3,919472E0
3,246222E0	3,919472E0
3,262867E0	3,919472E0
3,279511E0	3,989361E0
3,296156E0	3,989361E0
3,312800E0	3,989361E0
3,329444E0	3,989361E0
3,346089E0	3,989361E0
3,362733E0	3,989361E0
3,379378E0	3,989361E0
3,396022E0	3,989361E0
3,412667E0	3,989361E0
3,429311E0	3,989361E0
3,445956E0	3,989361E0
3,462600E0	3,989361E0
3,479244E0	3,989361E0
3,495889E0	3,989361E0
3,512533E0	3,989361E0
3,529178E0	3,989361E0
3,545822E0	3,989361E0
3,562467E0	3,989361E0
3,579111E0	3,989361E0
3,595756E0	3,989361E0
3,612400E0	3,989361E0
3,629044E0	3,989361E0
3,645689E0	3,989361E0
3,662333E0	3,989361E0
3,678978E0	3,989361E0
3,695622E0	3,989361E0
3,712267E0	3,989361E0
3,728911E0	3,989361E0
3,745556E0	3,989361E0
3,762200E0	3,989361E0
3,778844E0	3,989361E0
3,795489E0	3,989361E0
3,812133E0	3,989361E0
3,828778E0	3,989361E0
3,845422E0	3,989361E0
3,862067E0	3,989361E0
3,878711E0	3,989361E0
3,895356E0	3,989361E0
3,912000E0	3,989361E0
3,928644E0	3,989361E0
3,945289E0	3,989361E0
