	masa_A
t	θ
0,000000E0	1,249722E1
1,664444E-2	1,198588E1
3,328889E-2	1,130062E1
4,993333E-2	1,019958E1
6,657778E-2	9,023159E0
8,322222E-2	7,678544E0
9,986667E-2	6,183132E0
1,165111E-1	3,672880E0
1,331556E-1	1,019656E0
1,498000E-1	5,791049E-1
1,664444E-1	4,687492E-1
1,830889E-1	4,687492E-1
1,997333E-1	4,687492E-1
2,163778E-1	4,687492E-1
2,330222E-1	4,687492E-1
2,496667E-1	4,687492E-1
2,663111E-1	4,687492E-1
2,829556E-1	4,687492E-1
2,996000E-1	4,687492E-1
3,162444E-1	4,687492E-1
3,328889E-1	4,687492E-1
3,495333E-1	4,687492E-1
3,662889E-1	4,687492E-1
3,829333E-1	4,687492E-1
3,995778E-1	4,687492E-1
4,162222E-1	9,665178E-1
4,328667E-1	3,177177E0
4,495111E-1	5,011108E0
4,661556E-1	6,593280E0
4,828000E-1	7,715639E0
4,994444E-1	8,352214E0
5,160889E-1	9,167550E0
5,327333E-1	9,386497E0
5,493778E-1	9,103991E0
5,660222E-1	8,429687E0
5,826667E-1	7,631111E0
5,993111E-1	6,794021E0
6,159556E-1	5,346484E0
6,326000E-1	3,020559E0
6,492444E-1	7,475405E-1
6,658889E-1	7,475405E-1
6,825333E-1	7,475405E-1
6,991778E-1	7,475405E-1
7,158222E-1	7,475405E-1
7,324667E-1	7,475405E-1
7,491111E-1	7,475405E-1
7,657556E-1	7,475405E-1
7,824000E-1	7,475405E-1
7,990444E-1	7,475405E-1
8,156889E-1	7,475405E-1
8,323333E-1	7,475405E-1
8,489778E-1	7,475405E-1
8,656222E-1	7,475405E-1
8,822667E-1	1,024574E0
8,989111E-1	3,198734E0
9,155556E-1	4,859920E0
9,322000E-1	6,047215E0
9,488444E-1	6,992400E0
9,654889E-1	7,488195E0
9,821333E-1	7,488195E0
9,987778E-1	7,488195E0
1,015422E0	7,102670E0
1,032067E0	6,145892E0
1,048711E0	4,528248E0
1,065356E0	2,412136E0
1,082000E0	7,468207E-1
1,098644E0	7,468207E-1
1,115289E0	7,468207E-1
1,131933E0	7,468207E-1
1,148689E0	7,468207E-1
1,165333E0	7,468207E-1
1,181978E0	7,468207E-1
1,198622E0	7,468207E-1
1,215267E0	7,468207E-1
1,231911E0	7,468207E-1
1,248556E0	7,468207E-1
1,265200E0	7,468207E-1
1,281844E0	1,520341E0
1,298489E0	3,137171E0
1,315133E0	4,721516E0
1,331778E0	5,443506E0
1,348422E0	5,997718E0
1,365067E0	5,997718E0
1,381711E0	5,443506E0
1,398356E0	4,541426E0
1,415000E0	3,201837E0
1,431644E0	1,418166E0
1,448289E0	1,080873E0
1,464933E0	1,080873E0
1,481578E0	1,080873E0
1,498222E0	1,080873E0
1,514867E0	1,080873E0
1,531511E0	1,080873E0
1,548156E0	1,080873E0
1,564800E0	1,080873E0
1,581444E0	1,080873E0
1,598089E0	1,080873E0
1,614733E0	2,628372E0
1,631378E0	3,455957E0
1,648022E0	4,924687E0
1,664667E0	4,924687E0
1,681311E0	5,025635E0
1,697956E0	4,362296E0
1,714600E0	3,198734E0
1,731244E0	1,472247E0
1,747889E0	1,194949E0
1,764533E0	1,194949E0
1,781178E0	1,194949E0
1,797822E0	1,194949E0
1,814467E0	1,194949E0
1,831111E0	1,194949E0
1,847756E0	1,194949E0
1,864400E0	1,194949E0
1,881044E0	2,032525E0
1,897689E0	2,812973E0
1,914333E0	3,548683E0
1,930978E0	3,950004E0
1,947733E0	3,782507E0
1,964378E0	2,659143E0
1,981022E0	1,367957E0
1,997667E0	6,950059E-1
2,014311E0	6,943341E-1
2,030956E0	6,943341E-1
2,047600E0	6,943341E-1
2,064244E0	6,943341E-1
2,080889E0	6,943341E-1
2,097533E0	6,943341E-1
2,114178E0	1,416793E0
2,130822E0	1,975025E0
2,147467E0	2,871328E0
2,164111E0	3,038163E0
2,180756E0	3,038163E0
2,197400E0	2,314875E0
2,214044E0	1,367957E0
2,230689E0	9,193747E-1
2,247333E0	8,081715E-1
2,263978E0	7,832755E-1
2,280622E0	7,832755E-1
2,297267E0	7,832755E-1
2,313911E0	7,832755E-1
2,330556E0	1,330903E0
2,347200E0	1,778580E0
2,363844E0	2,072501E0
2,380489E0	2,072501E0
2,397133E0	1,543374E0
2,413778E0	1,012944E0
2,430422E0	1,012944E0
2,447067E0	1,012944E0
2,463711E0	1,012944E0
2,480356E0	1,012944E0
2,497000E0	1,306775E0
2,513644E0	1,952941E0
2,530289E0	1,952941E0
2,546933E0	1,952941E0
2,563578E0	1,718020E0
2,580222E0	1,189250E0
2,596867E0	1,189250E0
2,613511E0	1,189250E0
2,630156E0	1,189250E0
2,646800E0	1,306775E0
2,663444E0	1,718020E0
2,680089E0	1,718020E0
2,696733E0	1,306775E0
2,713378E0	1,012944E0
2,730022E0	1,012944E0
2,746778E0	1,012944E0
2,763422E0	1,012944E0
2,780067E0	1,484565E0
2,796711E0	1,719784E0
2,813356E0	1,543374E0
2,830000E0	1,308117E0
2,846644E0	8,357611E-1
2,863289E0	8,357611E-1
2,879933E0	8,357611E-1
2,896578E0	8,357611E-1
2,913222E0	8,357611E-1
2,929867E0	8,357611E-1
2,946511E0	8,357611E-1
2,963156E0	8,357611E-1
2,979800E0	8,357611E-1
2,996444E0	8,357611E-1
3,013089E0	8,357611E-1
3,029733E0	8,357611E-1
3,046378E0	8,357611E-1
3,063022E0	8,357611E-1
3,079667E0	8,357611E-1
3,096311E0	8,357611E-1
3,112956E0	8,357611E-1
3,129600E0	8,357611E-1
3,146244E0	8,357611E-1
3,162889E0	8,357611E-1
3,179533E0	8,357611E-1
3,196178E0	8,357611E-1
