	masa_A
t	θ
0,000000E0	1,055421E1
1,664444E-2	1,005691E1
3,328889E-2	9,433220E0
5,004444E-2	8,438739E0
6,668889E-2	7,798347E0
8,333333E-2	6,639261E0
9,997778E-2	5,273905E0
1,166222E-1	3,299449E0
1,332667E-1	9,892980E-1
1,499111E-1	3,333673E-1
1,665556E-1	-1,995740E-1
1,832000E-1	-1,995740E-1
1,998444E-1	-1,995740E-1
2,164889E-1	-1,995740E-1
2,331333E-1	-1,995740E-1
2,497778E-1	-1,995740E-1
2,664222E-1	-1,995740E-1
2,830667E-1	-1,995740E-1
2,997111E-1	-1,995740E-1
3,163556E-1	-1,995740E-1
3,330000E-1	-1,995740E-1
3,496444E-1	-1,995740E-1
3,662889E-1	-1,995740E-1
3,829333E-1	-1,995740E-1
3,995778E-1	-1,995740E-1
4,162222E-1	8,963694E-1
4,328667E-1	2,353787E0
4,495111E-1	3,885117E0
4,661556E-1	4,994261E0
4,828000E-1	5,979396E0
4,994444E-1	6,440401E0
5,160889E-1	6,684601E0
5,327333E-1	6,747449E0
5,493778E-1	6,621803E0
5,660222E-1	6,196478E0
5,826667E-1	5,647242E0
5,993111E-1	4,865272E0
6,159556E-1	3,628270E0
6,326000E-1	2,262423E0
6,492444E-1	8,680792E-1
6,658889E-1	-1,113523E-1
6,825333E-1	-1,113523E-1
6,991778E-1	-1,113523E-1
7,158222E-1	-1,113523E-1
7,324667E-1	-1,113523E-1
7,491111E-1	-1,113523E-1
7,657556E-1	-1,113523E-1
7,825111E-1	-1,113523E-1
7,991556E-1	-1,113523E-1
8,158000E-1	-1,113523E-1
8,324444E-1	-1,113523E-1
8,490889E-1	-1,113523E-1
8,657333E-1	-1,113523E-1
8,823778E-1	-1,113523E-1
8,990222E-1	1,602514E0
9,156667E-1	2,945411E0
9,323111E-1	3,782126E0
9,489556E-1	5,013546E0
9,656000E-1	5,288494E0
9,822444E-1	5,072837E0
9,988889E-1	4,862749E0
1,015533E0	4,292333E0
1,032178E0	3,426327E0
1,048822E0	2,103297E0
1,065467E0	8,016498E-1
1,082111E0	2,711024E-1
1,098756E0	2,711024E-1
1,115400E0	2,711024E-1
1,132044E0	2,711024E-1
1,148689E0	2,711024E-1
1,165333E0	2,711024E-1
1,181978E0	2,711024E-1
1,198622E0	2,711024E-1
1,215267E0	2,711024E-1
1,231911E0	2,711024E-1
1,248556E0	2,711024E-1
1,265200E0	2,711024E-1
1,281844E0	1,420927E0
1,298489E0	2,494373E0
1,315133E0	3,299116E0
1,331778E0	3,654091E0
1,348422E0	3,983353E0
1,365067E0	3,983353E0
1,381711E0	3,654091E0
1,398356E0	2,880190E0
1,415000E0	2,196310E0
1,431644E0	6,595993E-1
1,448289E0	6,595993E-1
1,464933E0	6,595993E-1
1,481578E0	6,595993E-1
1,498222E0	6,595993E-1
1,514867E0	6,595993E-1
1,531511E0	6,595993E-1
1,548156E0	6,595993E-1
1,564800E0	6,595993E-1
1,581556E0	6,595993E-1
1,598200E0	5,409734E-1
1,614844E0	8,375274E-1
1,631489E0	1,670182E0
1,648133E0	2,352568E0
1,664778E0	3,095130E0
1,681422E0	3,389637E0
1,698067E0	3,389637E0
1,714711E0	2,763327E0
1,731356E0	1,751957E0
1,748000E0	6,864126E-1
1,764644E0	5,387424E-1
1,781289E0	5,387424E-1
1,797933E0	5,387424E-1
1,814578E0	5,387424E-1
1,831222E0	5,387424E-1
1,847867E0	5,387424E-1
1,864511E0	5,387424E-1
1,881156E0	5,387424E-1
1,897800E0	5,387424E-1
1,914444E0	1,278960E0
1,931089E0	1,901686E0
1,947733E0	2,466073E0
1,964378E0	2,821048E0
1,981022E0	2,791474E0
1,997667E0	2,435224E0
2,014311E0	1,958823E0
2,030956E0	1,574608E0
2,047600E0	9,817238E-1
2,064244E0	9,817238E-1
2,080889E0	9,817238E-1
2,097533E0	9,817238E-1
2,114178E0	9,817238E-1
2,130822E0	9,817238E-1
2,147467E0	9,817238E-1
2,164111E0	1,275668E0
2,180756E0	1,751054E0
2,197400E0	2,166754E0
2,214044E0	2,759049E0
2,230689E0	2,699956E0
2,247333E0	2,134994E0
2,263978E0	1,777843E0
2,280622E0	1,067008E0
2,297267E0	9,786971E-1
2,313911E0	9,786971E-1
2,330556E0	9,786971E-1
2,347200E0	9,786971E-1
2,363844E0	9,786971E-1
2,380489E0	9,781945E-1
2,397133E0	1,305160E0
2,413778E0	1,835884E0
2,430533E0	2,279089E0
2,447178E0	2,487948E0
2,463822E0	2,487948E0
2,480467E0	2,192915E0
2,497111E0	1,688488E0
2,513756E0	1,067008E0
2,530400E0	1,067008E0
2,547044E0	1,067008E0
2,563689E0	1,067008E0
2,580333E0	1,067008E0
2,596978E0	1,067008E0
2,613622E0	1,273046E0
2,630267E0	1,541070E0
2,646911E0	1,985298E0
2,663556E0	2,250771E0
2,680200E0	1,864400E0
2,696844E0	1,420927E0
2,713489E0	9,174634E-1
2,730133E0	9,174634E-1
2,746778E0	9,174634E-1
2,763422E0	9,174634E-1
2,780067E0	9,174634E-1
2,796711E0	9,174634E-1
2,813356E0	1,421657E0
2,830000E0	2,100052E0
2,846644E0	2,634059E0
2,863289E0	2,663534E0
2,879933E0	1,810133E0
2,896578E0	1,069206E0
2,913222E0	1,069206E0
2,929867E0	1,069206E0
2,946511E0	1,069206E0
2,963156E0	1,069206E0
2,979800E0	1,069206E0
2,996444E0	1,423121E0
3,013089E0	1,689358E0
3,029733E0	1,689358E0
3,046378E0	1,334651E0
3,063022E0	1,097572E0
3,079667E0	1,097572E0
3,096311E0	1,097572E0
3,112956E0	1,097572E0
3,129600E0	1,097572E0
3,146244E0	1,598394E0
3,163000E0	1,922331E0
3,179644E0	1,951774E0
3,196289E0	1,332593E0
3,212933E0	1,008653E0
3,229578E0	1,008653E0
3,246222E0	1,008653E0
3,262867E0	1,008653E0
3,279511E0	1,862484E0
3,296156E0	2,096817E0
3,312800E0	1,830232E0
3,329444E0	1,152944E0
3,346089E0	1,152944E0
3,362733E0	1,152944E0
3,379378E0	1,152944E0
3,396022E0	1,504614E0
3,412667E0	1,739392E0
3,429311E0	1,797157E0
3,445956E0	1,590218E0
3,462600E0	1,265246E0
3,479244E0	1,265246E0
3,495889E0	1,265246E0
3,512533E0	1,265246E0
3,529178E0	1,586160E0
3,545822E0	1,790739E0
3,562467E0	1,206741E0
3,579111E0	1,206741E0
3,595756E0	1,206741E0
3,612400E0	1,206741E0
3,629044E0	1,206741E0
3,645689E0	1,206741E0
3,662333E0	1,206741E0
3,678978E0	1,206741E0
3,695622E0	1,206741E0
3,712267E0	1,206741E0
3,728911E0	1,206125E0
