# x
0.000000000000000000e+00
0.000000000000000000e+00
0.000000000000000000e+00
0.000000000000000000e+00
0.000000000000000000e+00
0.000000000000000000e+00
0.000000000000000000e+00
0.000000000000000000e+00
0.000000000000000000e+00
0.000000000000000000e+00
0.000000000000000000e+00
0.000000000000000000e+00
0.000000000000000000e+00
0.000000000000000000e+00
0.000000000000000000e+00
0.000000000000000000e+00
0.000000000000000000e+00
0.000000000000000000e+00
0.000000000000000000e+00
0.000000000000000000e+00
0.000000000000000000e+00
0.000000000000000000e+00
0.000000000000000000e+00
0.000000000000000000e+00
0.000000000000000000e+00
0.000000000000000000e+00
0.000000000000000000e+00
0.000000000000000000e+00
0.000000000000000000e+00
0.000000000000000000e+00
0.000000000000000000e+00
0.000000000000000000e+00
0.000000000000000000e+00
0.000000000000000000e+00
0.000000000000000000e+00
0.000000000000000000e+00
0.000000000000000000e+00
0.000000000000000000e+00
0.000000000000000000e+00
0.000000000000000000e+00
0.000000000000000000e+00
5.263158082962036133e-01
1.052631616592407227e+00
1.578947424888610840e+00
2.105263233184814453e+00
2.631578922271728516e+00
3.157894849777221680e+00
3.684210538864135742e+00
4.210526466369628906e+00
4.736842155456542969e+00
5.263157844543457031e+00
5.789473533630371094e+00
6.315789699554443359e+00
6.842105388641357422e+00
7.368421077728271484e+00
7.894736766815185547e+00
8.421052932739257812e+00
8.947368621826171875e+00
9.473684310913085938e+00
1.000000000000000000e+01
0.000000000000000000e+00
5.263158082962036133e-01
1.052631616592407227e+00
1.578947424888610840e+00
2.105263233184814453e+00
2.631578922271728516e+00
3.157894849777221680e+00
3.684210538864135742e+00
4.210526466369628906e+00
4.736842155456542969e+00
5.263157844543457031e+00
5.789473533630371094e+00
6.315789699554443359e+00
6.842105388641357422e+00
7.368421077728271484e+00
7.894736766815185547e+00
8.421052932739257812e+00
8.947368621826171875e+00
9.473684310913085938e+00
1.000000000000000000e+01
0.000000000000000000e+00
1.000000000000000000e+01
0.000000000000000000e+00
0.000000000000000000e+00
1.000000000000000000e+01
1.000000000000000000e+01
0.000000000000000000e+00
1.000000000000000000e+01
0.000000000000000000e+00
0.000000000000000000e+00
1.000000000000000000e+01
1.000000000000000000e+01
1.000000000000000000e+01
0.000000000000000000e+00
1.000000000000000000e+01
0.000000000000000000e+00
0.000000000000000000e+00
1.000000000000000000e+01
0.000000000000000000e+00
1.000000000000000000e+01
7.600087165832519531e+00
6.152001380920410156e+00
5.774029731750488281e+00
8.548725128173828125e+00
8.292049407958984375e+00
1.367351055145263672e+00
7.415767192840576172e+00
7.117866516113281250e+00
6.581624984741210938e+00
6.355896949768066406e+00
1.054934263229370117e+00
3.815823793411254883e+00
1.863926649093627930e+00
8.447393417358398438e+00
8.485643386840820312e+00
5.544302463531494141e-01
1.988580346107482910e+00
7.797541141510009766e+00
5.378318428993225098e-01
9.503146171569824219e+00
3.524457216262817383e+00
8.642491340637207031e+00
3.427212238311767578e+00
5.696740150451660156e+00
7.859391212463378906e+00
7.849020481109619141e+00
9.860390663146972656e+00
5.748642921447753906e+00
9.747951507568359375e+00
9.380797386169433594e+00
1.518521189689636230e+00
2.093972921371459961e+00
9.782432556152343750e+00
3.190364360809326172e+00
8.646835327148437500e+00
5.860504150390625000e+00
1.280639290809631348e+00
3.364259958267211914e+00
3.207963705062866211e+00
6.745491981506347656e+00
1.553436040878295898e+00
1.425029158592224121e+00
9.687810897827148438e+00
7.561597824096679688e+00
8.087896347045898438e+00
4.688554763793945312e+00
9.582432508468627930e-01
9.728316307067871094e+00
6.814995765686035156e+00
1.770811319351196289e+00
8.559864044189453125e+00
9.792965888977050781e+00
7.175507068634033203e+00
6.888808250427246094e+00
6.202459812164306641e+00
9.254273414611816406e+00
8.803493976593017578e-01
6.190773010253906250e+00
5.472964286804199219e+00
3.790853977203369141e+00
9.612553596496582031e+00
6.504180908203125000e+00
1.106681227684020996e+00
5.200495719909667969e+00
5.794557571411132812e+00
9.278100967407226562e+00
8.708119392395019531e+00
6.506385326385498047e+00
7.902021884918212891e+00
5.156756401062011719e+00
1.657693147659301758e+00
4.952055931091308594e+00
7.283930301666259766e+00
3.466096878051757812e+00
7.176422595977783203e+00
5.747745513916015625e+00
7.747635841369628906e+00
7.046589374542236328e+00
3.534944057464599609e+00
4.707444190979003906e+00
3.584208965301513672e+00
5.043740272521972656e+00
2.054740190505981445e+00
5.710752487182617188e+00
4.058525562286376953e+00
6.129057884216308594e+00
3.102414309978485107e-01
5.325836181640625000e+00
3.769426822662353516e+00
5.762841224670410156e+00
6.965426921844482422e+00
1.551527261734008789e+00
9.407662391662597656e+00
1.030180811882019043e+00
5.625635147094726562e+00
6.818473815917968750e+00
6.776216506958007812e+00
9.455907821655273438e+00
1.222187399864196777e+00
2.328284740447998047e+00
3.120073795318603516e+00
5.366330623626708984e+00
3.000901937484741211e+00
2.302522420883178711e+00
2.987052440643310547e+00
8.548828125000000000e+00
2.454794883728027344e+00
1.331728324294090271e-02
1.948823332786560059e+00
5.177510261535644531e+00
4.267251968383789062e+00
6.614356040954589844e+00
3.536797046661376953e+00
2.498081207275390625e+00
9.322678565979003906e+00
9.809939384460449219e+00
1.731661438941955566e+00
2.964451611042022705e-01
9.212366104125976562e+00
4.138108253479003906e+00
2.215340375900268555e+00
5.979956388473510742e-01
6.075280904769897461e-02
8.466827392578125000e+00
6.872119903564453125e+00
2.243478059768676758e+00
7.624401092529296875e+00
8.624374389648437500e+00
9.415063858032226562e+00
2.544492721557617188e+00
9.650128364562988281e+00
4.773703098297119141e+00
6.080564975738525391e+00
4.887777805328369141e+00
2.947420120239257812e+00
5.908410072326660156e+00
7.715492844581604004e-01
8.902856826782226562e+00
1.599130034446716309e+00
3.727261066436767578e+00
2.684192895889282227e+00
9.821964263916015625e+00
9.691991806030273438e+00
2.519119262695312500e+00
9.104518890380859375e+00
5.309868335723876953e+00
1.560547351837158203e+00
7.440262794494628906e+00
1.366631388664245605e+00
7.269070148468017578e+00
2.020089387893676758e+00
5.018643856048583984e+00
4.110920429229736328e-01
4.775528430938720703e+00
5.555264949798583984e+00
1.234894037246704102e+00
7.015610218048095703e+00
8.174487113952636719e+00
4.318256855010986328e+00
4.758690595626831055e-01
4.741356372833251953e-01
1.772093892097473145e+00
7.937007904052734375e+00
4.484059333801269531e+00
1.327213644981384277e+00
6.397321224212646484e+00
8.860620498657226562e+00
8.264590263366699219e+00
8.976099967956542969e+00
7.441956996917724609e+00
2.473318338394165039e+00
4.930961608886718750e+00
2.942759037017822266e+00
3.769433498382568359e+00
1.898020982742309570e+00
9.868325233459472656e+00
2.974164009094238281e+00
9.161091804504394531e+00
8.133388519287109375e+00
6.537204742431640625e+00
6.143127441406250000e+00
1.261139214038848877e-01
8.609436988830566406e+00
8.547165870666503906e+00
7.280941486358642578e+00
7.119240760803222656e+00
9.104290962219238281e+00
5.082747459411621094e+00
4.692880153656005859e+00
8.617907524108886719e+00
1.841423630714416504e+00
2.854957103729248047e+00
4.171689987182617188e+00
9.752532005310058594e+00
3.999675512313842773e+00
3.408648490905761719e+00
5.359365940093994141e+00
8.289695739746093750e+00
4.459899902343750000e+00
9.429201126098632812e+00
6.678997874259948730e-01
5.043488144874572754e-01
7.217307090759277344e+00
7.719382762908935547e+00
6.512246608734130859e+00
6.807306289672851562e+00
8.193258285522460938e+00
2.005356788635253906e+00
9.363914489746093750e+00
1.901216030120849609e+00
7.950220108032226562e-01
3.779498100280761719e+00
6.348914623260498047e+00
7.453439712524414062e+00
2.026208490133285522e-01
7.206475734710693359e+00
8.761342048645019531e+00
1.118059754371643066e+00
4.878851890563964844e+00
9.841919898986816406e+00
1.910917162895202637e-01
5.972481250762939453e+00
1.126883029937744141e+00
6.223935127258300781e+00
6.121817111968994141e+00
6.477547645568847656e+00
4.090406417846679688e+00
1.427588462829589844e+00
4.390357494354248047e+00
9.205373764038085938e+00
8.600884437561035156e+00
6.382609367370605469e+00
6.430926799774169922e+00
4.311580181121826172e+00
6.230445384979248047e+00
9.691872596740722656e+00
5.442698478698730469e+00
8.750376701354980469e+00
6.136586189270019531e+00
5.637302875518798828e+00
9.457416534423828125e+00
7.406157970428466797e+00
3.623002767562866211e+00
5.803554058074951172e+00
9.734566688537597656e+00
8.294836044311523438e+00
6.549973011016845703e+00
9.159835815429687500e+00
8.453100204467773438e+00
3.943066835403442383e+00
8.352375030517578125e+00
5.286123275756835938e+00
5.011795997619628906e+00
2.551398277282714844e+00
2.999825000762939453e+00
5.045794963836669922e+00
1.973193883895874023e-01
1.109814167022705078e+00
1.553741216659545898e+00
7.582025051116943359e+00
1.641844511032104492e+00
4.345419883728027344e+00
2.565232276916503906e+00
4.836862564086914062e+00
2.303908348083496094e+00
6.298188686370849609e+00
2.064343929290771484e+00
6.237733840942382812e+00
6.606208801269531250e+00
4.352113246917724609e+00
3.969161748886108398e+00
3.887763023376464844e+00
8.969696998596191406e+00
4.890325069427490234e+00
5.064016342163085938e+00
4.932053565979003906e+00
8.614103317260742188e+00
3.304879665374755859e+00
2.867067813873291016e+00
7.863440036773681641e+00
1.795865535736083984e+00
1.856033325195312500e+00
4.241799712181091309e-01
3.260110616683959961e+00
5.023517608642578125e+00
7.147872924804687500e+00
7.828182697296142578e+00
2.579734086990356445e+00
8.836452484130859375e+00
5.884735107421875000e+00
1.005450934171676636e-01
7.430724143981933594e+00
2.122015476226806641e+00
6.037219047546386719e+00
4.123773097991943359e+00
1.458470940589904785e+00
3.955556154251098633e+00
2.742778360843658447e-01
5.849901199340820312e+00
3.433639049530029297e+00
5.606360435485839844e+00
3.432066440582275391e+00
5.334982872009277344e+00
7.546648025512695312e+00
1.025031924247741699e+00
3.679381847381591797e+00
7.493419170379638672e+00
5.226091384887695312e+00
8.855368614196777344e+00
6.396393775939941406e+00
9.817612648010253906e+00
4.788406372070312500e+00
3.493002653121948242e-01
2.335079669952392578e+00
9.525896072387695312e+00
1.233408689498901367e+00
1.670661687850952148e+00
3.902508974075317383e+00
5.646828651428222656e+00
9.865743637084960938e+00
9.048889160156250000e+00
2.683352947235107422e+00
2.770998001098632812e+00
3.240702390670776367e+00
5.068356513977050781e+00
2.781438589096069336e+00
3.563289403915405273e+00
5.002315044403076172e+00
2.297425508499145508e+00
7.887458324432373047e+00
2.570642948150634766e+00
3.255628585815429688e+00
2.597594738006591797e+00
4.381505012512207031e+00
3.856087684631347656e+00
5.433793544769287109e+00
5.341425418853759766e+00
4.900603771209716797e+00
2.724292278289794922e+00
3.255036354064941406e+00
7.379245281219482422e+00
1.809297919273376465e+00
4.768159866333007812e+00
4.343843936920166016e+00
8.308643341064453125e+00
6.465920060873031616e-02
7.365752220153808594e+00
6.107377529144287109e+00
8.737537384033203125e+00
1.038801550865173340e+00
4.223363876342773438e+00
9.187392234802246094e+00
8.529743194580078125e+00
4.014472484588623047e+00
4.068176746368408203e+00
7.382323265075683594e+00
9.711424827575683594e+00
3.644847393035888672e+00
5.290143966674804688e+00
6.109948635101318359e+00
7.406562805175781250e+00
3.087432861328125000e+00
5.952603816986083984e+00
4.202405452728271484e+00
8.495698928833007812e+00
8.815563917160034180e-01
6.070681095123291016e+00
3.902612924575805664e+00
9.745481491088867188e+00
5.457496643066406250e+00
2.486621379852294922e+00
5.485761165618896484e+00
9.900160789489746094e+00
2.163036108016967773e+00
9.686967849731445312e+00
2.454607009887695312e+00
2.427273035049438477e+00
9.338810920715332031e+00
5.204297602176666260e-03
3.324749469757080078e+00
4.931046009063720703e+00
3.943414211273193359e+00
4.423285484313964844e+00
5.490583419799804688e+00
4.138617515563964844e-01
6.744062900543212891e-01
7.147457599639892578e+00
6.460459709167480469e+00
9.326561927795410156e+00
8.909498214721679688e+00
6.518880844116210938e+00
5.249023914337158203e+00
4.663939476013183594e+00
6.952723264694213867e-01
1.529269814491271973e+00
9.876276016235351562e+00
6.496820926666259766e+00
4.278905868530273438e+00
9.209826469421386719e+00
2.922085762023925781e+00
2.471905231475830078e+00
2.128566265106201172e+00
4.829537391662597656e+00
3.064808845520019531e+00
2.210891485214233398e+00
3.717622280120849609e+00
6.485635757446289062e+00
5.873394489288330078e+00
5.283005237579345703e+00
3.778117895126342773e+00
2.404481887817382812e+00
7.994445800781250000e+00
9.007112503051757812e+00
8.183273315429687500e+00
5.509814739227294922e+00
6.465688705444335938e+00
1.015264511108398438e+00
2.236384391784667969e+00
7.598323345184326172e+00
3.028218448162078857e-01
1.665738582611083984e+00
8.877298355102539062e+00
1.750095605850219727e+00
9.795419692993164062e+00
8.331280708312988281e+00
9.160383939743041992e-01
2.723406314849853516e+00
6.266722202301025391e+00
3.667230904102325439e-01
5.929429531097412109e+00
8.744435310363769531e-01
7.161542773246765137e-01
1.414005875587463379e+00
8.172857284545898438e+00
6.300477504730224609e+00
2.380374908447265625e+00
8.809009552001953125e+00
3.348217964172363281e+00
8.742433547973632812e+00
7.315294265747070312e+00
1.685740709304809570e+00
1.168624281883239746e+00
7.472438335418701172e+00
4.784562587738037109e+00
9.672283172607421875e+00
4.623015880584716797e+00
5.735245704650878906e+00
4.733769416809082031e+00
1.445333242416381836e+00
7.216730594635009766e+00
3.349054098129272461e+00
4.792840480804443359e+00
2.826845169067382812e+00
5.700967311859130859e+00
5.456599712371826172e+00
1.657529354095458984e+00
5.320162296295166016e+00
2.306567668914794922e+00
5.425779342651367188e+00
7.935192108154296875e+00
1.441104292869567871e+00
2.865858748555183411e-02
8.801413536071777344e+00
2.530074357986450195e+00
7.901753425598144531e+00
4.115357875823974609e+00
3.162596225738525391e-01
8.980795860290527344e+00
2.505891561508178711e+00
2.059381723403930664e+00
5.741155624389648438e+00
1.675716876983642578e+00
4.011843204498291016e+00
6.933760166168212891e+00
7.387818813323974609e+00
5.345469474792480469e+00
5.272202491760253906e+00
8.450640678405761719e+00
2.142474412918090820e+00
9.397432327270507812e+00
1.000322580337524414e+00
1.884882211685180664e+00
5.976795196533203125e+00
8.131265640258789062e+00
7.671360969543457031e+00
6.668900966644287109e+00
9.060944557189941406e+00
5.095371723175048828e+00
2.298046797513961792e-01
6.743026733398437500e+00
8.469406127929687500e+00
1.818636775016784668e+00
6.081364154815673828e+00
9.646731376647949219e+00
4.447366237640380859e+00
5.225533962249755859e+00
5.213067531585693359e-01
7.132112503051757812e+00
1.579824209213256836e+00
5.189355850219726562e+00
